2459241.500000      72.6791    -49.6612    3.9394     0.75919  2.43434 -3.00271
2459255.954200      73.6523    -48.7527    3.9230     0.72800  2.48190 -2.94958
2459270.408400      74.5991    -47.8279    3.9041     0.69607  2.52691 -2.89342
2459284.862601      75.5219    -46.8859    3.8826     0.66342  2.56930 -2.83426
2459299.316801      76.4231    -45.9254    3.8585     0.63006  2.60897 -2.77211
2459313.771001      77.3049    -44.9453    3.8319     0.59603  2.64584 -2.70697
2459328.225201      78.1692    -43.9441    3.8026     0.56134  2.67980 -2.63885
2459342.679402      79.0181    -42.9202    3.7707     0.52602  2.71074 -2.56777
2459357.133602      79.8536    -41.8718    3.7361     0.49010  2.73856 -2.49373
2459371.587802      80.6775    -40.7970    3.6988     0.45359  2.76313 -2.41674
2459386.042002      81.4917    -39.6937    3.6588     0.41653  2.78432 -2.33679
2459400.496203      82.2979    -38.5593    3.6159     0.37895  2.80200 -2.25389
2459414.950403      83.0982    -37.3913    3.5702     0.34087  2.81601 -2.16804
2459429.404603      83.8942    -36.1866    3.5217     0.30232  2.82620 -2.07925
2459443.858803      84.6880    -34.9419    3.4702     0.26335  2.83238 -1.98751
2459458.313004      85.4815    -33.6532    3.4157     0.22399  2.83438 -1.89284
2459472.767204      86.2769    -32.3165    3.3581     0.18428  2.83197 -1.79523
2459487.221404      87.0763    -30.9266    3.2974     0.14428  2.82494 -1.69468
2459501.675604      87.8823    -29.4783    3.2336     0.10402  2.81304 -1.59122
2459516.129805      88.6975    -27.9650    3.1664     0.06357  2.79599 -1.48484
2459530.584005      89.5248    -26.3795    3.0960     0.02300  2.77349 -1.37558
2459545.038205      90.3676    -24.7133    3.0220    -0.01761  2.74521 -1.26345
2459559.492405      91.2297    -22.9565    2.9446    -0.05819  2.71078 -1.14849
2459573.946606      92.1155    -21.0976    2.8635    -0.09862  2.66978 -1.03075
2459588.400806      93.0303    -19.1229    2.7787    -0.13879  2.62174 -0.91030
2459602.855006      93.9804    -17.0160    2.6901    -0.17856  2.56615 -0.78723
2459617.309206      94.9734    -14.7575    2.5975    -0.21776  2.50240 -0.66167
2459631.763406      96.0188    -12.3235    2.5009    -0.25619  2.42981 -0.53377
2459646.217607      97.1286     -9.6850    2.4001    -0.29360  2.34761 -0.40377
2459660.671807      98.3183     -6.8059    2.2950    -0.32969  2.25490 -0.27198
2459675.126007      99.6086     -3.6411    2.1857    -0.36409  2.15065 -0.13880
2459689.580207     101.0277     -0.1335    2.0719    -0.39632  2.03364 -0.00483
2459704.034408     102.6151      3.7903    1.9538    -0.42578  1.90248  0.12916
2459718.488608     104.4291      8.2253    1.8315    -0.45169  1.75553  0.26203
2459732.942808     106.5593     13.2958    1.7054    -0.47303  1.59089  0.39222
2459747.397008     109.1519     19.1646    1.5762    -0.48844  1.40640  0.51742
2459761.851209     112.4651     26.0409    1.4449    -0.49608  1.19971  0.63434
2459776.305409     117.0010     34.1771    1.3138    -0.49348  0.96847  0.73806
2459790.759609     123.8773     43.8056    1.1866    -0.47736  0.71099  0.82139
2459805.213809     136.0484     54.8222    1.0693    -0.44352  0.42758  0.87404
2459819.668010     162.3467     65.2656    0.9715    -0.38733  0.12326  0.88234
2459834.122210    -148.3259     66.6589    0.9057    -0.30539 -0.18843  0.83159
2459848.576410    -112.3113     53.7234    0.8844    -0.19865 -0.48409  0.71295
2459863.030610     -95.7693     35.6641    0.9123    -0.07451 -0.73744  0.53190
2459877.484811     -86.5687     18.2404    0.9832     0.05589 -0.93215  0.30776
2459891.939011     -80.2660      3.3320    1.0844     0.18304 -1.06703  0.06303
2459906.393211     -75.3082     -8.8601    1.2036     0.30160 -1.15032 -0.18538
2459920.847411     -71.0456    -18.7313    1.3316     0.40962 -1.19270 -0.42762
2459935.301612     -67.1600    -26.7703    1.4629     0.50697 -1.20368 -0.65890
2459949.755812     -63.4750    -33.3935    1.5940     0.59432 -1.19073 -0.87729
2459964.210012     -59.8822    -38.9191    1.7229     0.67261 -1.15948 -1.08234
2459978.664212     -56.3099    -43.5821    1.8485     0.74275 -1.11412 -1.27433
2459993.118412     -52.7074    -47.5549    1.9702     0.80561 -1.05780 -1.45385
2460007.572613     -49.0376    -50.9644    2.0877     0.86196 -0.99288 -1.62162
2460022.026813     -45.2734    -53.9048    2.2008     0.91244 -0.92119 -1.77837
2460036.481013     -41.3955    -56.4473    2.3096     0.95762 -0.84412 -1.92481
2460050.935213     -37.3921    -58.6459    2.4141     0.99799 -0.76280 -2.06158
2460065.389414     -33.2584    -60.5424    2.5143     1.03397 -0.67812 -2.18928
2460079.843614     -28.9972    -62.1694    2.6104     1.06592 -0.59078 -2.30847
2460094.297814     -24.6189    -63.5532    2.7024     1.09417 -0.50139 -2.41963
2460108.752014     -20.1417    -64.7155    2.7905     1.11899 -0.41041 -2.52321
2460123.206215     -15.5908    -65.6747    2.8748     1.14062 -0.31827 -2.61960
2460137.660415     -10.9976    -66.4469    2.9554     1.15928 -0.22529 -2.70918
2460152.114615      -6.3979    -67.0473    3.0323     1.17516 -0.13177 -2.79226
2460166.568815      -1.8293    -67.4897    3.1058     1.18844 -0.03796 -2.86916
2460181.023016       2.6707    -67.7879    3.1758     1.19926  0.05594 -2.94012
2460195.477216       7.0671    -67.9550    3.2425     1.20777  0.14973 -3.00542
2460209.931416      11.3297    -68.0037    3.3059     1.21408  0.24325 -3.06526
2460224.385616      15.4339    -67.9464    3.3661     1.21832  0.33636 -3.11985
2460238.839817      19.3617    -67.7946    3.4233     1.22058  0.42892 -3.16939
2460253.294017      23.1014    -67.5593    3.4774     1.22096  0.52082 -3.21404
2460267.748217      26.6471    -67.2504    3.5285     1.21954  0.61196 -3.25396
2460282.202417      29.9977    -66.8771    3.5766     1.21641  0.70223 -3.28930
2460296.656618      33.1565    -66.4475    3.6219     1.21163  0.79156 -3.32020
2460311.110818      36.1295    -65.9689    3.6644     1.20528  0.87986 -3.34678
2460325.565018      38.9249    -65.4474    3.7041     1.19741  0.96705 -3.36915
2460340.019218      41.5524    -64.8886    3.7410     1.18808  1.05307 -3.38742
2460354.473418      44.0222    -64.2972    3.7752     1.17736  1.13784 -3.40169
2460368.927619      46.3450    -63.6772    3.8068     1.16527  1.22131 -3.41205
2460383.381819      48.5313    -63.0320    3.8357     1.15188  1.30340 -3.41859
2460397.836019      50.5915    -62.3645    3.8620     1.13723  1.38407 -3.42138
2460412.290219      52.5354    -61.6770    3.8857     1.12136  1.46326 -3.42050
2460426.744420      54.3721    -60.9715    3.9068     1.10431  1.54090 -3.41601
2460441.198620      56.1105    -60.2496    3.9254     1.08611  1.61695 -3.40799
2460455.652820      57.7585    -59.5126    3.9414     1.06680  1.69134 -3.39647
2460470.107020      59.3236    -58.7615    3.9549     1.04642  1.76402 -3.38153
2460484.561221      60.8126    -57.9970    3.9660     1.02499  1.83494 -3.36321
2460499.015421      62.2319    -57.2198    3.9745     1.00254  1.90405 -3.34156
2460513.469621      63.5871    -56.4301    3.9805     0.97910  1.97127 -3.31661
2460527.923821      64.8837    -55.6283    3.9841     0.95471  2.03657 -3.28841
2460542.378022      66.1264    -54.8143    3.9851     0.92938  2.09987 -3.25700
2460556.832222      67.3198    -53.9880    3.9837     0.90314  2.16113 -3.22241
2460571.286422      68.4679    -53.1492    3.9798     0.87602  2.22027 -3.18466
2460585.740622      69.5746    -52.2976    3.9735     0.84804  2.27723 -3.14380
2460600.194823      70.6432    -51.4327    3.9646     0.81923  2.33195 -3.09983
2460614.649023      71.6771    -50.5540    3.9532     0.78960  2.38435 -3.05279
2460629.103223      72.6793    -49.6608    3.9394     0.75919  2.43437 -3.00269
