2459241.500000     309.1959     -0.6217    5.0870     3.21466 -3.94214 -0.05520
2459286.631146     313.1270     -0.6987    5.0722     3.46721 -3.70165 -0.06185
2459331.762292     317.0807     -0.7729    5.0580     3.70373 -3.44405 -0.06823
2459376.893438     321.0562     -0.8437    5.0445     3.92297 -3.17038 -0.07428
2459422.024583     325.0529     -0.9109    5.0316     4.12376 -2.88182 -0.07999
2459467.155729     329.0695     -0.9739    5.0194     4.30501 -2.57961 -0.08531
2459512.286875     333.1051     -1.0323    5.0081     4.46572 -2.26509 -0.09023
2459557.418021     337.1583     -1.0859    4.9977     4.60497 -1.93970 -0.09472
2459602.549167     341.2278     -1.1343    4.9882     4.72195 -1.60493 -0.09874
2459647.680313     345.3121     -1.1770    4.9797     4.81598 -1.26236 -0.10229
2459692.811458     349.4096     -1.2139    4.9723     4.88646 -0.91363 -0.10534
2459737.942604     353.5186     -1.2447    4.9659     4.93296 -0.56042 -0.10787
2459783.073750     357.6373     -1.2691    4.9606     4.95514 -0.20445 -0.10987
2459828.204896       1.7639     -1.2870    4.9564     4.95283  0.15253 -0.11132
2459873.336042       5.8965     -1.2982    4.9534     4.92597  0.50874 -0.11223
2459918.467188      10.0331     -1.3027    4.9516     4.87464  0.86243 -0.11258
2459963.598333      14.1717     -1.3004    4.9510     4.79909  1.21183 -0.11236
2460008.729479      18.3103     -1.2914    4.9516     4.69966  1.55520 -0.11159
2460053.860625      22.4469     -1.2756    4.9533     4.57688  1.89084 -0.11027
2460098.991771      26.5796     -1.2532    4.9562     4.43136  2.21709 -0.10839
2460144.122917      30.7063     -1.2243    4.9603     4.26388  2.53234 -0.10598
2460189.254063      34.8253     -1.1891    4.9655     4.07531  2.83508 -0.10305
2460234.385208      38.9345     -1.1480    4.9718     3.86664  3.12383 -0.09961
2460279.516354      43.0323     -1.1010    4.9792     3.63899  3.39725 -0.09568
2460324.647500      47.1170     -1.0486    4.9876     3.39354  3.65406 -0.09128
2460369.778646      51.1870     -0.9911    4.9970     3.13159  3.89310 -0.08644
2460414.909792      55.2408     -0.9289    5.0074     2.85448  4.11330 -0.08118
2460460.040938      59.2770     -0.8623    5.0186     2.56365  4.31373 -0.07553
2460505.172083      63.2945     -0.7918    5.0306     2.26057  4.49356 -0.06952
2460550.303229      67.2920     -0.7178    5.0434     1.94677  4.65209 -0.06318
2460595.434375      71.2687     -0.6407    5.0569     1.62381  4.78873 -0.05654
2460640.565521      75.2237     -0.5609    5.0710     1.29327  4.90302 -0.04964
2460685.696667      79.1562     -0.4790    5.0856     0.95673  4.99461 -0.04251
2460730.827813      83.0657     -0.3953    5.1007     0.61580  5.06328 -0.03519
2460775.958958      86.9517     -0.3103    5.1162     0.27207  5.10892 -0.02771
2460821.090104      90.8138     -0.2244    5.1321    -0.07289  5.13153 -0.02010
2460866.221250      94.6520     -0.1380    5.1482    -0.41753  5.13123 -0.01240
2460911.352396      98.4660     -0.0516    5.1645    -0.76033  5.10822 -0.00465
2460956.483542     102.2560      0.0346    5.1809    -1.09980  5.06283  0.00312
2461001.614688     106.0220      0.1200    5.1974    -1.43450  4.99546  0.01088
2461046.745833     109.7643      0.2043    5.2138    -1.76304  4.90662  0.01860
2461091.876979     113.4833      0.2873    5.2301    -2.08407  4.79687  0.02623
2461137.008125     117.1792      0.3686    5.2463    -2.39631  4.66688  0.03375
2461182.139271     120.8528      0.4479    5.2622    -2.69854  4.51738  0.04113
2461227.270417     124.5044      0.5248    5.2778    -2.98959  4.34916  0.04835
2461272.401563     128.1349      0.5993    5.2931    -3.26837  4.16308  0.05536
2461317.532708     131.7448      0.6709    5.3079    -3.53384  3.96006  0.06215
2461362.663854     135.3351      0.7395    5.3223    -3.78506  3.74104  0.06869
2461407.795000     138.9065      0.8048    5.3361    -4.02112  3.50705  0.07495
2461452.926146     142.4599      0.8667    5.3494    -4.24121  3.25911  0.08092
2461498.057292     145.9962      0.9250    5.3621    -4.44457  2.99833  0.08657
2461543.188438     149.5165      0.9796    5.3740    -4.63054  2.72580  0.09188
2461588.319583     153.0217      1.0303    5.3853    -4.79849  2.44266  0.09683
2461633.450729     156.5129      1.0769    5.3958    -4.94790  2.15009  0.10141
2461678.581875     159.9911      1.1194    5.4055    -5.07829  1.84924  0.10560
2461723.713021     163.4574      1.1576    5.4145    -5.18928  1.54133  0.10938
2461768.844167     166.9130      1.1915    5.4225    -5.28054  1.22756  0.11275
2461813.975313     170.3590      1.2210    5.4297    -5.35180  0.90913  0.11570
2461859.106458     173.7965      1.2460    5.4360    -5.40287  0.58727  0.11821
2461904.237604     177.2268      1.2665    5.4413    -5.43364  0.26320  0.12027
2461949.368750     180.6509      1.2824    5.4458    -5.44406 -0.06185  0.12188
2461994.499896     184.0702      1.2938    5.4492    -5.43412 -0.38668  0.12304
2462039.631042     187.4857      1.3005    5.4518    -5.40390 -0.71006  0.12374
2462084.762188     190.8987      1.3026    5.4533    -5.35356 -1.03081  0.12397
2462129.893333     194.3104      1.3002    5.4539    -5.28328 -1.34771  0.12375
2462175.024479     197.7220      1.2931    5.4535    -5.19334 -1.65960  0.12306
2462220.155625     201.1347      1.2814    5.4521    -5.08407 -1.96531  0.12192
2462265.286771     204.5497      1.2652    5.4497    -4.95587 -2.26371  0.12033
2462310.417917     207.9682      1.2444    5.4464    -4.80917 -2.55366  0.11828
2462355.549063     211.3914      1.2192    5.4421    -4.64451 -2.83406  0.11580
2462400.680208     214.8205      1.1896    5.4369    -4.46245 -3.10386  0.11288
2462445.811354     218.2567      1.1557    5.4308    -4.26363 -3.36199  0.10953
2462490.942500     221.7012      1.1175    5.4238    -4.04874 -3.60745  0.10578
2462536.073646     225.1551      1.0751    5.4159    -3.81853 -3.83926  0.10162
2462581.204792     228.6195      1.0287    5.4071    -3.57382 -4.05648  0.09708
2462626.335938     232.0955      0.9784    5.3975    -3.31546 -4.25821  0.09216
2462671.467083     235.5844      0.9243    5.3871    -3.04437 -4.44359  0.08690
2462716.598229     239.0871      0.8665    5.3760    -2.76152 -4.61181  0.08130
2462761.729375     242.6047      0.8052    5.3642    -2.46795 -4.76211  0.07538
2462806.860521     246.1381      0.7405    5.3516    -2.16473 -4.89379  0.06917
2462851.991667     249.6885      0.6728    5.3385    -1.85299 -5.00619  0.06268
2462897.122813     253.2567      0.6021    5.3248    -1.53390 -5.09873  0.05595
2462942.253958     256.8436      0.5286    5.3105    -1.20867 -5.17089  0.04900
2462987.385104     260.4500      0.4527    5.2958    -0.87858 -5.22220  0.04185
2463032.516250     264.0768      0.3746    5.2806    -0.54492 -5.25228  0.03452
2463077.647396     267.7246      0.2945    5.2651    -0.20903 -5.26083  0.02706
2463122.778542     271.3942      0.2127    5.2492     0.12772 -5.24763  0.01949
2463167.909688     275.0861      0.1295    5.2331     0.46393 -5.21252  0.01183
2463213.040833     278.8009      0.0453    5.2169     0.79819 -5.15546  0.00413
2463258.171979     282.5389     -0.0396    5.2005     1.12905 -5.07649 -0.00359
2463303.303125     286.3006     -0.1249    5.1841     1.45506 -4.97573 -0.01130
2463348.434271     290.0861     -0.2102    5.1678     1.77476 -4.85341 -0.01896
2463393.565417     293.8956     -0.2951    5.1515     2.08670 -4.70987 -0.02653
2463438.696563     297.7292     -0.3792    5.1354     2.38941 -4.54553 -0.03399
2463483.827708     301.5868     -0.4621    5.1196     2.68148 -4.36094 -0.04129
2463528.958854     305.4681     -0.5435    5.1040     2.96148 -4.15673 -0.04841
2463574.090000     309.3729     -0.6228    5.0889     3.22804 -3.93366 -0.05531
