2459241.500000      79.5197      0.9194    1.5430     0.28064  1.51710  0.02476
2459248.655948      83.1385      1.0189    1.5521     0.18540  1.54070  0.02760
2459255.811896      86.7160      1.1132    1.5609     0.08940  1.55807  0.03033
2459262.967844      90.2537      1.2023    1.5696    -0.00695  1.56923  0.03293
2459270.123792      93.7533      1.2858    1.5780    -0.10327  1.57424  0.03541
2459277.279740      97.2166      1.3638    1.5862    -0.19920  1.57318  0.03775
2459284.435688     100.6451      1.4361    1.5941    -0.29437  1.56615  0.03995
2459291.591635     104.0408      1.5026    1.6016    -0.38845  1.55325  0.04200
2459298.747583     107.4054      1.5633    1.6089    -0.48109  1.53464  0.04389
2459305.903531     110.7409      1.6181    1.6158    -0.57198  1.51044  0.04562
2459313.059479     114.0490      1.6671    1.6223    -0.66082  1.48081  0.04719
2459320.215427     117.3316      1.7102    1.6284    -0.74731  1.44593  0.04860
2459327.371375     120.5908      1.7475    1.6340    -0.83118  1.40597  0.04983
2459334.527323     123.8283      1.7789    1.6393    -0.91217  1.36113  0.05089
2459341.683271     127.0460      1.8045    1.6441    -0.99002  1.31161  0.05177
2459348.839219     130.2459      1.8243    1.6485    -1.06449  1.25761  0.05248
2459355.995167     133.4299      1.8384    1.6524    -1.13537  1.19937  0.05301
2459363.151115     136.5999      1.8468    1.6558    -1.20243  1.13709  0.05336
2459370.307063     139.7577      1.8495    1.6587    -1.26548  1.07102  0.05354
2459377.463010     142.9053      1.8467    1.6612    -1.32433  1.00139  0.05353
2459384.618958     146.0446      1.8383    1.6631    -1.37880  0.92845  0.05335
2459391.774906     149.1775      1.8245    1.6646    -1.42873  0.85246  0.05300
2459398.930854     152.3058      1.8052    1.6655    -1.47397  0.77366  0.05246
2459406.086802     155.4315      1.7805    1.6659    -1.51437  0.69233  0.05176
2459413.242750     158.5564      1.7506    1.6658    -1.54981  0.60873  0.05089
2459420.398698     161.6824      1.7154    1.6653    -1.58017  0.52313  0.04985
2459427.554646     164.8116      1.6751    1.6642    -1.60534  0.43581  0.04865
2459434.710594     167.9456      1.6297    1.6626    -1.62524  0.34707  0.04728
2459441.866542     171.0865      1.5794    1.6604    -1.63977  0.25718  0.04577
2459449.022490     174.2362      1.5241    1.6578    -1.64888  0.16644  0.04409
2459456.178438     177.3965      1.4640    1.6548    -1.65251  0.07514  0.04228
2459463.334385     180.5694      1.3992    1.6512    -1.65061 -0.01640  0.04032
2459470.490333     183.7568      1.3298    1.6471    -1.64316 -0.10789  0.03823
2459477.646281     186.9606      1.2559    1.6426    -1.63013 -0.19902  0.03600
2459484.802229     190.1827      1.1776    1.6377    -1.61153 -0.28946  0.03366
2459491.958177     193.4251      1.0951    1.6323    -1.58737 -0.37890  0.03120
2459499.114125     196.6896      1.0084    1.6264    -1.55768 -0.46702  0.02862
2459506.270073     199.9783      0.9178    1.6202    -1.52251 -0.55350  0.02595
2459513.426021     203.2930      0.8234    1.6136    -1.48191 -0.63800  0.02319
2459520.581969     206.6356      0.7255    1.6066    -1.43597 -0.72020  0.02034
2459527.737917     210.0080      0.6241    1.5992    -1.38479 -0.79977  0.01742
2459534.893865     213.4122      0.5196    1.5916    -1.32847 -0.87637  0.01443
2459542.049813     216.8498      0.4122    1.5836    -1.26716 -0.94968  0.01139
2459549.205760     220.3229      0.3022    1.5753    -1.20102 -1.01937  0.00831
2459556.361708     223.8331      0.1899    1.5668    -1.13023 -1.08510  0.00519
2459563.517656     227.3820      0.0756    1.5581    -1.05498 -1.14656  0.00205
2459570.673604     230.9715     -0.0403    1.5491    -0.97551 -1.20343 -0.00109
2459577.829552     234.6029     -0.1574    1.5401    -0.89206 -1.25539 -0.00423
2459584.985500     238.2778     -0.2752    1.5309    -0.80492 -1.30214 -0.00735
2459592.141448     241.9974     -0.3933    1.5216    -0.71437 -1.34339 -0.01044
2459599.297396     245.7630     -0.5112    1.5122    -0.62076 -1.37887 -0.01349
2459606.453344     249.5756     -0.6282    1.5029    -0.52443 -1.40830 -0.01648
2459613.609292     253.4360     -0.7439    1.4935    -0.42575 -1.43144 -0.01939
2459620.765240     257.3449     -0.8577    1.4843    -0.32515 -1.44808 -0.02222
2459627.921188     261.3027     -0.9687    1.4752    -0.22304 -1.45801 -0.02494
2459635.077135     265.3096     -1.0765    1.4662    -0.11988 -1.46106 -0.02755
2459642.233083     269.3654     -1.1802    1.4575    -0.01614 -1.45708 -0.03002
2459649.389031     273.4698     -1.2791    1.4490     0.08767 -1.44598 -0.03234
2459656.544979     277.6220     -1.3725    1.4408     0.19105 -1.42767 -0.03451
2459663.700927     281.8210     -1.4596    1.4330     0.29346 -1.40214 -0.03650
2459670.856875     286.0653     -1.5396    1.4256     0.39435 -1.36939 -0.03830
2459678.012823     290.3530     -1.6120    1.4186     0.49319 -1.32947 -0.03990
2459685.168771     294.6821     -1.6758    1.4121     0.58940 -1.28251 -0.04129
2459692.324719     299.0499     -1.7306    1.4061     0.68245 -1.22864 -0.04246
2459699.480667     303.4534     -1.7756    1.4007     0.77177 -1.16808 -0.04340
2459706.636615     307.8893     -1.8103    1.3959     0.85684 -1.10108 -0.04410
2459713.792563     312.3539     -1.8343    1.3917     0.93714 -1.02796 -0.04455
2459720.948510     316.8433     -1.8473    1.3882     1.01217 -0.94905 -0.04475
2459728.104458     321.3532     -1.8488    1.3854     1.08147 -0.86478 -0.04470
2459735.260406     325.8790     -1.8389    1.3833     1.14461 -0.77557 -0.04439
2459742.416354     330.4160     -1.8175    1.3820     1.20121 -0.68194 -0.04383
2459749.572302     334.9595     -1.7847    1.3813     1.25091 -0.58438 -0.04302
2459756.728250     339.5045     -1.7406    1.3815     1.29342 -0.48348 -0.04196
2459763.884198     344.0460     -1.6856    1.3823     1.32850 -0.37979 -0.04066
2459771.040146     348.5792     -1.6202    1.3839     1.35597 -0.27392 -0.03913
2459778.196094     353.0994     -1.5449    1.3862     1.37569 -0.16649 -0.03737
2459785.352042     357.6018     -1.4603    1.3892     1.38758 -0.05811 -0.03540
2459792.507990       2.0821     -1.3671    1.3930     1.39164  0.05059 -0.03323
2459799.663938       6.5362     -1.2663    1.3973     1.38790  0.15902 -0.03088
2459806.819885      10.9602     -1.1585    1.4023     1.37645  0.26656 -0.02835
2459813.975833      15.3506     -1.0447    1.4079     1.35745  0.37264 -0.02567
2459821.131781      19.7042     -0.9258    1.4140     1.33107  0.47670 -0.02285
2459828.287729      24.0182     -0.8027    1.4207     1.29757  0.57821 -0.01990
2459835.443677      28.2902     -0.6763    1.4278     1.25721  0.67666 -0.01685
2459842.599625      32.5182     -0.5475    1.4354     1.21031  0.77159 -0.01372
2459849.755573      36.7005     -0.4172    1.4434     1.15721  0.86257 -0.01051
2459856.911521      40.8359     -0.2861    1.4516     1.09828  0.94921 -0.00725
2459864.067469      44.9234     -0.1550    1.4602     1.03391  1.03115 -0.00395
2459871.223417      48.9623     -0.0248    1.4690     0.96451  1.10807 -0.00064
2459878.379365      52.9525      0.1040    1.4781     0.89050  1.17969  0.00268
2459885.535313      56.8938      0.2307    1.4872     0.81231  1.24579  0.00599
2459892.691260      60.7866      0.3548    1.4965     0.73038  1.30615  0.00927
2459899.847208      64.6314      0.4758    1.5059     0.64515  1.36060  0.01250
2459907.003156      68.4288      0.5931    1.5152     0.55705  1.40902  0.01569
2459914.159104      72.1798      0.7065    1.5246     0.46653  1.45130  0.01880
2459921.315052      75.8854      0.8155    1.5338     0.37401  1.48738  0.02183
2459928.471000      79.5468      0.9199    1.5430     0.27992  1.51721  0.02477
