         JD                L           B          R           X        Y       Z
SSL 2459241.500000      64.4473      1.9242    0.3089     0.13316  0.27852  0.01037
LSL 2459241.500000      64.4418      1.9238    0.3089     0.13319  0.27851  0.01037
             +0.00        -0.01       -0.02     -0.00       +0.02    -0.00    +0.00

SSL 2459242.416345      70.1960      2.5918    0.3079     0.10422  0.28943  0.01393
LSL 2459242.416345      70.1909      2.5914    0.3079     0.10425  0.28942  0.01392
             +0.00        -0.01       -0.01     +0.01       +0.03    -0.00    -0.07

SSL 2459243.332690      75.9764      3.2362    0.3075     0.07440  0.29788  0.01736
LSL 2459243.332690      75.9751      3.2360    0.3075     0.07441  0.29788  0.01736
             +0.00        -0.00       -0.01     +0.01       +0.01    +0.00    +0.00

SSL 2459244.249034      81.7697      3.8482    0.3076     0.04394  0.30378  0.02065
LSL 2459244.249035      81.7662      3.8480    0.3076     0.04396  0.30378  0.02065
             +0.00        -0.00       -0.00     +0.01       +0.05    +0.00    +0.00

SSL 2459245.165379      87.5564      4.4196    0.3083     0.01311  0.30710  0.02376
LSL 2459245.165380      87.5573      4.4197    0.3083     0.01310  0.30710  0.02376
             +0.00        +0.00       +0.00     -0.00       -0.08    +0.00    +0.00

SSL 2459246.081724      93.3172      4.9432    0.3095    -0.01784  0.30781  0.02667
LSL 2459246.081724      93.3170      4.9430    0.3095    -0.01784  0.30781  0.02667
             +0.00        -0.00       -0.00     -0.01       +0.00    +0.00    +0.00

SSL 2459246.998069      99.0330      5.4128    0.3112    -0.04864  0.30595  0.02935
LSL 2459246.998069      99.0312      5.4126    0.3112    -0.04863  0.30595  0.02935
             +0.00        -0.00       -0.00     -0.01       -0.02    +0.00    +0.00

SSL 2459247.914414     104.6861      5.8240    0.3134    -0.07904  0.30156  0.03180
LSL 2459247.914414     104.6894      5.8240    0.3134    -0.07905  0.30156  0.03180
             +0.00        +0.00       +0.00     -0.01       +0.01    +0.00    +0.00

SSL 2459248.830758     110.2601      6.1738    0.3160    -0.10880  0.29474  0.03399
LSL 2459248.830759     110.2602      6.1738    0.3160    -0.10880  0.29475  0.03399
             +0.00        +0.00       -0.00     +0.01       +0.00    +0.00    +0.00

SSL 2459249.747103     115.7404      6.4610    0.3191    -0.13770  0.28561  0.03591
LSL 2459249.747104     115.7366      6.4608    0.3191    -0.13768  0.28562  0.03591
             +0.00        -0.00       -0.00     -0.00       -0.01    +0.00    +0.00

SSL 2459250.663448     121.1146      6.6854    0.3226    -0.16556  0.27429  0.03755
LSL 2459250.663449     121.1116      6.6853    0.3226    -0.16554  0.27430  0.03755
             +0.00        -0.00       -0.00     -0.01       -0.01    +0.00    +0.00

SSL 2459251.579793     126.3725      6.8485    0.3264    -0.19219  0.26094  0.03892
LSL 2459251.579794     126.3677      6.8485    0.3264    -0.19217  0.26096  0.03892
             +0.00        -0.00       +0.00     +0.00       -0.01    +0.01    +0.00

SSL 2459252.496137     131.5061      6.9526    0.3306    -0.21745  0.24573  0.04001
LSL 2459252.496138     131.5014      6.9526    0.3306    -0.21743  0.24575  0.04001
             +0.00        -0.00       -0.00     -0.01       -0.01    +0.01    +0.00

SSL 2459253.412482     136.5098      7.0008    0.3350    -0.24122  0.22883  0.04083
LSL 2459253.412483     136.5056      7.0007    0.3350    -0.24120  0.22884  0.04083
             +0.00        -0.00       -0.00     -0.01       -0.01    +0.00    +0.00

SSL 2459254.328827     141.3800      6.9971    0.3396    -0.26339  0.21041  0.04138
LSL 2459254.328828     141.3770      6.9971    0.3396    -0.26338  0.21042  0.04138
             +0.00        -0.00       +0.00     +0.01       -0.00    +0.00    +0.00

SSL 2459255.245172     146.1148      6.9455    0.3445    -0.28390  0.19066  0.04166
LSL 2459255.245173     146.1121      6.9455    0.3445    -0.28389  0.19068  0.04166
             +0.00        -0.00       -0.00     +0.00       -0.00    +0.01    +0.00

SSL 2459256.161517     150.7144      6.8504    0.3495    -0.30268  0.16975  0.04169
LSL 2459256.161518     150.7107      6.8504    0.3495    -0.30266  0.16977  0.04169
             +0.00        -0.00       -0.00     +0.01       -0.01    +0.01    +0.00

SSL 2459257.077861     155.1799      6.7162    0.3547    -0.31970  0.14786  0.04148
LSL 2459257.077863     155.1799      6.7163    0.3547    -0.31970  0.14786  0.04148
             +0.00        +0.00       +0.00     -0.01       +0.00    +0.00    +0.00

SSL 2459257.994206     159.5140      6.5472    0.3599    -0.33494  0.12514  0.04104
LSL 2459257.994208     159.5128      6.5471    0.3599    -0.33494  0.12514  0.04104
             +0.00        -0.00       -0.00     +0.00       +0.00    +0.00    +0.00

SSL 2459258.910551     163.7200      6.3475    0.3652    -0.34840  0.10175  0.04037
LSL 2459258.910552     163.7163      6.3475    0.3652    -0.34839  0.10177  0.04037
             +0.00        -0.00       +0.00     -0.00       -0.00    +0.02    +0.00

SSL 2459259.826896     167.8022      6.1211    0.3705    -0.36008  0.07784  0.03951
LSL 2459259.826897     167.8008      6.1211    0.3705    -0.36008  0.07785  0.03951
             +0.00        -0.00       -0.00     +0.00       +0.00    +0.01    +0.00

SSL 2459260.743241     171.7652      5.8716    0.3758    -0.37000  0.05355  0.03845
LSL 2459260.743242     171.7594      5.8718    0.3758    -0.36999  0.05358  0.03845
             +0.00        -0.00       +0.00     +0.01       -0.00    +0.06    +0.00

SSL 2459261.659585     175.6142      5.6024    0.3811    -0.37819  0.02901  0.03721
LSL 2459261.659587     175.6097      5.6025    0.3811    -0.37819  0.02904  0.03721
             +0.00        -0.00       +0.00     +0.01       +0.00    +0.10    +0.00

SSL 2459262.575930     179.3545      5.3164    0.3864    -0.38469  0.00433  0.03580
LSL 2459262.575932     179.3516      5.3165    0.3864    -0.38469  0.00435  0.03580
             +0.00        -0.00       +0.00     -0.01       +0.00    +0.46    +0.00

SSL 2459263.492275     182.9916      5.0164    0.3916    -0.38953 -0.02036  0.03424
LSL 2459263.492277     182.9885      5.0166    0.3916    -0.38952 -0.02034  0.03424
             +0.00        -0.00       +0.00     -0.01       -0.00    -0.10    +0.00

SSL 2459264.408620     186.5312      4.7049    0.3967    -0.39275 -0.04496  0.03254
LSL 2459264.408622     186.5311      4.7051    0.3967    -0.39275 -0.04496  0.03254
             +0.00        -0.00       +0.00     -0.01       +0.00    +0.00    +0.00

SSL 2459265.324965     189.9786      4.3841    0.4016    -0.39441 -0.06939  0.03070
LSL 2459265.324966     189.9792      4.3842    0.4016    -0.39441 -0.06940  0.03070
             +0.00        +0.00       +0.00     +0.01       +0.00    +0.01    +0.00

SSL 2459266.241309     193.3395      4.0558    0.4065    -0.39456 -0.09356  0.02875
LSL 2459266.241311     193.3398      4.0559    0.4065    -0.39456 -0.09356  0.02875
             +0.00        +0.00       +0.00     +0.01       +0.00    +0.00    +0.00

SSL 2459267.157654     196.6191      3.7217    0.4113    -0.39326 -0.11738  0.02670
LSL 2459267.157656     196.6165      3.7217    0.4113    -0.39326 -0.11736  0.02670
             +0.00        -0.00       +0.00     -0.01       +0.00    -0.02    +0.00

SSL 2459268.073999     199.8225      3.3834    0.4159    -0.39054 -0.14078  0.02454
LSL 2459268.074001     199.8198      3.3835    0.4159    -0.39054 -0.14076  0.02454
             +0.00        -0.00       +0.00     -0.01       +0.00    -0.01    +0.00

SSL 2459268.990344     202.9549      3.0421    0.4203    -0.38648 -0.16369  0.02231
LSL 2459268.990346     202.9567      3.0423    0.4203    -0.38647 -0.16370  0.02231
             +0.00        +0.00       +0.01     +0.00       -0.00    +0.01    +0.00

SSL 2459269.906689     206.0210      2.6991    0.4246    -0.38112 -0.18606  0.01999
LSL 2459269.906691     206.0202      2.6991    0.4246    -0.38112 -0.18605  0.01999
             +0.00        -0.00       -0.00     -0.00       +0.00    -0.01    +0.00

SSL 2459270.823033     209.0254      2.3553    0.4287    -0.37453 -0.20782  0.01762
LSL 2459270.823036     209.0241      2.3557    0.4287    -0.37453 -0.20781  0.01762
             +0.00        -0.00       +0.02     -0.00       +0.00    -0.00    +0.00

SSL 2459271.739378     211.9727      2.0116    0.4326    -0.36675 -0.22893  0.01518
LSL 2459271.739380     211.9722      2.0118    0.4326    -0.36675 -0.22892  0.01519
             +0.00        -0.00       +0.01     +0.00       +0.00    -0.00    +0.07

SSL 2459272.655723     214.8671      1.6687    0.4363    -0.35785 -0.24933  0.01271
LSL 2459272.655725     214.8677      1.6690    0.4363    -0.35785 -0.24934  0.01271
             +0.00        +0.00       +0.02     +0.01       +0.00    +0.00    +0.00

SSL 2459273.572068     217.7126      1.3273    0.4399    -0.34788 -0.26899  0.01019
LSL 2459273.572070     217.7108      1.3274    0.4399    -0.34789 -0.26898  0.01019
             +0.00        -0.00       +0.01     -0.01       +0.00    -0.00    +0.00

SSL 2459274.488412     220.5134      0.9881    0.4432    -0.33689 -0.28787  0.00764
LSL 2459274.488415     220.5120      0.9882    0.4432    -0.33690 -0.28786  0.00764
             +0.00        -0.00       +0.01     -0.00       +0.00    -0.00    +0.00

SSL 2459275.404757     223.2731      0.6514    0.4463    -0.32494 -0.30592  0.00507
LSL 2459275.404760     223.2746      0.6516    0.4463    -0.32493 -0.30593  0.00508
             +0.00        +0.00       +0.03     +0.00       -0.00    +0.00    +0.20

SSL 2459276.321102     225.9953      0.3177    0.4492    -0.31209 -0.32312  0.00249
LSL 2459276.321105     225.9954      0.3177    0.4492    -0.31208 -0.32312  0.00249
             +0.00        +0.00       +0.00     +0.01       -0.00    +0.00    +0.00

SSL 2459277.237447     228.6836     -0.0125    0.4519    -0.29837 -0.33943 -0.00010
LSL 2459277.237450     228.6846     -0.0123    0.4519    -0.29837 -0.33944 -0.00010
             +0.00        +0.00       -1.45     +0.01       +0.00    +0.00    +0.00

SSL 2459278.153792     231.3412     -0.3389    0.4544    -0.28386 -0.35483 -0.00269
LSL 2459278.153795     231.3423     -0.3391    0.4544    -0.28385 -0.35484 -0.00269
             +0.00        +0.00       +0.05     +0.00       -0.00    +0.00    +0.00

SSL 2459279.070136     233.9715     -0.6613    0.4567    -0.26859 -0.36929 -0.00527
LSL 2459279.070139     233.9721     -0.6613    0.4567    -0.26858 -0.36930 -0.00527
             +0.00        +0.00       +0.00     -0.01       -0.00    +0.00    +0.00

SSL 2459279.986481     236.5775     -0.9792    0.4587    -0.25262 -0.38279 -0.00784
LSL 2459279.986484     236.5774     -0.9790    0.4587    -0.25262 -0.38279 -0.00784
             +0.00        -0.00       -0.02     +0.00       +0.00    +0.00    +0.00

SSL 2459280.902826     239.1623     -1.2925    0.4605    -0.23600 -0.39530 -0.01039
LSL 2459280.902829     239.1583     -1.2924    0.4605    -0.23603 -0.39529 -0.01039
             +0.00        -0.00       -0.01     +0.00       +0.01    -0.00    +0.00

SSL 2459281.819171     241.7287     -1.6009    0.4621    -0.21878 -0.40681 -0.01291
LSL 2459281.819174     241.7251     -1.6005    0.4621    -0.21881 -0.40680 -0.01291
             +0.00        -0.00       -0.02     -0.00       +0.01    -0.00    +0.00

SSL 2459282.735516     244.2796     -1.9041    0.4634    -0.20101 -0.41729 -0.01540
LSL 2459282.735519     244.2779     -1.9041    0.4634    -0.20102 -0.41728 -0.01540
             +0.00        -0.00       +0.00     +0.01       +0.00    -0.00    +0.00

SSL 2459283.651860     246.8179     -2.2020    0.4646    -0.18274 -0.42673 -0.01785
LSL 2459283.651864     246.8168     -2.2018    0.4646    -0.18275 -0.42673 -0.01785
             +0.00        -0.00       -0.01     -0.01       +0.01    +0.00    +0.00

SSL 2459284.568205     249.3463     -2.4944    0.4654    -0.16401 -0.43511 -0.02026
LSL 2459284.568209     249.3452     -2.4944    0.4654    -0.16402 -0.43511 -0.02026
             +0.00        -0.00       +0.00     +0.01       +0.01    +0.00    +0.00

SSL 2459285.484550     251.8674     -2.7809    0.4661    -0.14488 -0.44242 -0.02261
LSL 2459285.484553     251.8666     -2.7809    0.4661    -0.14489 -0.44242 -0.02261
             +0.00        -0.00       +0.00     -0.00       +0.01    +0.00    +0.00

SSL 2459286.400895     254.3840     -3.0614    0.4665    -0.12540 -0.44865 -0.02491
LSL 2459286.400898     254.3810     -3.0613    0.4665    -0.12542 -0.44864 -0.02491
             +0.00        -0.00       -0.00     +0.00       +0.02    -0.00    +0.00

SSL 2459287.317240     256.8987     -3.3357    0.4667    -0.10561 -0.45377 -0.02716
LSL 2459287.317243     256.8953     -3.3359    0.4667    -0.10563 -0.45377 -0.02716
             +0.00        -0.00       +0.01     -0.00       +0.02    +0.00    +0.00

SSL 2459288.233584     259.4140     -3.6036    0.4666    -0.08556 -0.45779 -0.02933
LSL 2459288.233588     259.4132     -3.6034    0.4666    -0.08556 -0.45779 -0.02933
             +0.00        -0.00       -0.00     +0.01       +0.00    +0.00    +0.00

SSL 2459289.149929     261.9327     -3.8646    0.4664    -0.06530 -0.46069 -0.03143
LSL 2459289.149933     261.9311     -3.8648    0.4664    -0.06531 -0.46069 -0.03143
             +0.00        -0.00       +0.00     -0.01       +0.02    +0.00    +0.00

SSL 2459290.066274     264.4572     -4.1187    0.4658    -0.04488 -0.46246 -0.03346
LSL 2459290.066278     264.4594     -4.1187    0.4658    -0.04486 -0.46246 -0.03346
             +0.00        +0.00       +0.00     +0.01       -0.04    +0.00    +0.00

SSL 2459290.982619     266.9902     -4.3654    0.4651    -0.02435 -0.46309 -0.03540
LSL 2459290.982623     266.9879     -4.3654    0.4651    -0.02437 -0.46309 -0.03540
             +0.00        -0.00       -0.00     -0.00       +0.08    +0.00    +0.00

SSL 2459291.898964     269.5343     -4.6045    0.4641    -0.00376 -0.46258 -0.03726
LSL 2459291.898967     269.5302     -4.6044    0.4641    -0.00379 -0.46258 -0.03726
             +0.00        -0.00       -0.00     -0.00       +0.80    +0.00    +0.00

SSL 2459292.815308     272.0922     -4.8356    0.4629     0.01684 -0.46092 -0.03902
LSL 2459292.815312     272.0900     -4.8354    0.4629     0.01682 -0.46092 -0.03902
             +0.00        -0.00       -0.00     -0.01       -0.12    +0.00    +0.00

SSL 2459293.731653     274.6667     -5.0584    0.4614     0.03739 -0.45810 -0.04068
LSL 2459293.731657     274.6639     -5.0584    0.4614     0.03737 -0.45810 -0.04068
             +0.00        -0.00       -0.00     +0.00       -0.05    +0.00    +0.00

SSL 2459294.647998     277.2604     -5.2725    0.4597     0.05786 -0.45413 -0.04225
LSL 2459294.648002     277.2587     -5.2724    0.4597     0.05784 -0.45413 -0.04225
             +0.00        -0.00       -0.00     +0.01       -0.03    +0.00    +0.00

SSL 2459295.564343     279.8762     -5.4773    0.4578     0.07817 -0.44899 -0.04370
LSL 2459295.564347     279.8745     -5.4773    0.4578     0.07816 -0.44900 -0.04370
             +0.00        -0.00       +0.00     +0.01       -0.01    +0.00    +0.00

SSL 2459296.480687     282.5170     -5.6725    0.4557     0.09828 -0.44269 -0.04504
LSL 2459296.480692     282.5183     -5.6724    0.4557     0.09829 -0.44270 -0.04504
             +0.00        +0.00       -0.00     +0.00       +0.01    +0.00    +0.00

SSL 2459297.397032     285.1856     -5.8574    0.4533     0.11813 -0.43523 -0.04627
LSL 2459297.397037     285.1866     -5.8573    0.4533     0.11814 -0.43523 -0.04626
             +0.00        +0.00       -0.00     +0.01       +0.01    +0.00    -0.02

SSL 2459298.313377     287.8853     -6.0315    0.4508     0.13767 -0.42661 -0.04737
LSL 2459298.313381     287.8863     -6.0315    0.4508     0.13768 -0.42661 -0.04736
             +0.00        +0.00       -0.00     -0.01       +0.01    +0.00    -0.02

SSL 2459299.229722     290.6189     -6.1942    0.4480     0.15684 -0.41684 -0.04834
LSL 2459299.229726     290.6174     -6.1942    0.4480     0.15682 -0.41684 -0.04834
             +0.00        -0.00       -0.00     -0.00       -0.01    +0.00    +0.00

SSL 2459300.146067     293.3899     -6.3447    0.4450     0.17557 -0.40591 -0.04917
LSL 2459300.146071     293.3871     -6.3447    0.4450     0.17555 -0.40592 -0.04917
             +0.00        -0.00       +0.00     -0.01       -0.01    +0.00    +0.00

SSL 2459301.062411     296.2014     -6.4823    0.4418     0.19380 -0.39383 -0.04987
LSL 2459301.062416     296.1987     -6.4822    0.4418     0.19378 -0.39384 -0.04987
             +0.00        -0.00       -0.00     -0.01       -0.01    +0.00    +0.00

SSL 2459301.978756     299.0570     -6.6061    0.4383     0.21148 -0.38062 -0.05043
LSL 2459301.978761     299.0558     -6.6060    0.4383     0.21147 -0.38063 -0.05043
             +0.00        -0.00       -0.00     +0.01       -0.00    +0.00    +0.00

SSL 2459302.895101     301.9602     -6.7153    0.4347     0.22853 -0.36629 -0.05083
LSL 2459302.895106     301.9619     -6.7152    0.4347     0.22854 -0.36629 -0.05083
             +0.00        +0.00       -0.00     +0.00       +0.00    +0.00    +0.00

SSL 2459303.811446     304.9146     -6.8088    0.4309     0.24489 -0.35085 -0.05109
LSL 2459303.811451     304.9134     -6.8088    0.4309     0.24488 -0.35086 -0.05109
             +0.00        -0.00       +0.00     +0.00       -0.00    +0.00    +0.00

SSL 2459304.727791     307.9243     -6.8856    0.4269     0.26049 -0.33432 -0.05118
LSL 2459304.727795     307.9243     -6.8855    0.4269     0.26049 -0.33432 -0.05118
             +0.00        +0.00       -0.00     +0.00       +0.00    +0.00    +0.00

SSL 2459305.644135     310.9930     -6.9445    0.4227     0.27526 -0.31673 -0.05111
LSL 2459305.644140     310.9913     -6.9446    0.4227     0.27525 -0.31674 -0.05111
             +0.00        -0.00       +0.00     +0.01       -0.00    +0.00    +0.00

SSL 2459306.560480     314.1251     -6.9843    0.4184     0.28912 -0.29809 -0.05087
LSL 2459306.560485     314.1247     -6.9843    0.4184     0.28912 -0.29809 -0.05087
             +0.00        -0.00       -0.00     -0.01       +0.00    +0.00    +0.00

SSL 2459307.476825     317.3246     -7.0036    0.4139     0.30200 -0.27844 -0.05046
LSL 2459307.476830     317.3245     -7.0036    0.4139     0.30201 -0.27844 -0.05046
             +0.00        -0.00       +0.00     -0.01       +0.00    +0.00    +0.00

SSL 2459308.393170     320.5960     -7.0010    0.4092     0.31383 -0.25782 -0.04988
LSL 2459308.393175     320.5942     -7.0011    0.4092     0.31382 -0.25783 -0.04988
             +0.00        -0.00       +0.00     +0.00       -0.00    +0.00    +0.00

SSL 2459309.309515     323.9438     -6.9750    0.4044     0.32451 -0.23626 -0.04911
LSL 2459309.309520     323.9444     -6.9749    0.4044     0.32452 -0.23626 -0.04911
             +0.00        +0.00       -0.00     -0.00       +0.00    +0.00    +0.00

SSL 2459310.225859     327.3726     -6.9238    0.3995     0.33398 -0.21381 -0.04816
LSL 2459310.225865     327.3750     -6.9239    0.3995     0.33399 -0.21380 -0.04816
             +0.00        +0.00       +0.00     -0.01       +0.00    -0.00    +0.00

SSL 2459311.142204     330.8871     -6.8459    0.3944     0.34214 -0.19053 -0.04702
LSL 2459311.142210     330.8826     -6.8459    0.3944     0.34213 -0.19056 -0.04702
             +0.00        -0.00       +0.00     +0.01       -0.00    +0.02    +0.00

SSL 2459312.058549     334.4921     -6.7395    0.3893     0.34892 -0.16648 -0.04569
LSL 2459312.058554     334.4880     -6.7396    0.3893     0.34891 -0.16651 -0.04569
             +0.00        -0.00       +0.00     -0.00       -0.00    +0.02    +0.00

SSL 2459312.974894     338.1924     -6.6027    0.3841     0.35423 -0.14173 -0.04416
LSL 2459312.974899     338.1879     -6.6027    0.3841     0.35422 -0.14176 -0.04416
             +0.00        -0.00       +0.00     -0.00       -0.00    +0.02    +0.00

SSL 2459313.891239     341.9929     -6.4337    0.3788     0.35798 -0.11636 -0.04245
LSL 2459313.891244     341.9892     -6.4338    0.3788     0.35798 -0.11639 -0.04245
             +0.00        -0.00       +0.00     +0.00       +0.00    +0.03    +0.00

SSL 2459314.807583     345.8982     -6.2307    0.3735     0.36010 -0.09046 -0.04054
LSL 2459314.807589     345.8954     -6.2310    0.3735     0.36010 -0.09048 -0.04054
             +0.00        -0.00       +0.00     -0.00       +0.00    +0.02    +0.00

SSL 2459315.723928     349.9129     -5.9919    0.3682     0.36050 -0.06413 -0.03843
LSL 2459315.723934     349.9100     -5.9920    0.3682     0.36050 -0.06415 -0.03843
             +0.00        -0.00       +0.00     -0.01       +0.00    +0.03    +0.00

SSL 2459316.640273     354.0415     -5.7157    0.3629     0.35911 -0.03748 -0.03614
LSL 2459316.640279     354.0401     -5.7159    0.3629     0.35911 -0.03749 -0.03614
             +0.00        -0.00       +0.00     -0.01       +0.00    +0.03    +0.00

SSL 2459317.556618     358.2879     -5.4005    0.3576     0.35585 -0.01064 -0.03366
LSL 2459317.556624     358.2890     -5.4005    0.3576     0.35585 -0.01063 -0.03366
             +0.00        +0.00       -0.00     -0.00       +0.00    -0.09    +0.00

SSL 2459318.472962       2.6557     -5.0452    0.3524     0.35066  0.01626 -0.03099
LSL 2459318.472968       2.6533     -5.0453    0.3524     0.35066  0.01625 -0.03099
             +0.00        -0.09       +0.00     +0.00       +0.00    -0.06    +0.00

SSL 2459319.389307       7.1477     -4.6490    0.3473     0.34347  0.04307 -0.02815
LSL 2459319.389313       7.1435     -4.6492    0.3473     0.34348  0.04305 -0.02815
             +0.00        -0.06       +0.00     +0.00       +0.00    -0.05    +0.00

SSL 2459320.305652      11.7662     -4.2115    0.3424     0.33425  0.06962 -0.02514
LSL 2459320.305658      11.7667     -4.2115    0.3424     0.33425  0.06963 -0.02514
             +0.00        +0.00       -0.00     -0.01       +0.00    +0.01    +0.00

SSL 2459321.221997      16.5123     -3.7330    0.3376     0.32297  0.09574 -0.02198
LSL 2459321.222003      16.5086     -3.7335    0.3376     0.32297  0.09572 -0.02198
             +0.00        -0.02       +0.01     -0.01       +0.00    -0.02    +0.00

SSL 2459322.138342      21.3861     -3.2146    0.3330     0.30959  0.12124 -0.01867
LSL 2459322.138348      21.3835     -3.2149    0.3330     0.30960  0.12123 -0.01868
             +0.00        -0.01       +0.01     +0.00       +0.00    -0.01    +0.05

SSL 2459323.054686      26.3863     -2.6580    0.3287     0.29414  0.14592 -0.01524
LSL 2459323.054693      26.3809     -2.6584    0.3287     0.29415  0.14590 -0.01525
             +0.00        -0.02       +0.01     +0.00       +0.00    -0.01    +0.07

SSL 2459323.971031      31.5100     -2.0663    0.3247     0.27663  0.16959 -0.01171
LSL 2459323.971038      31.5075     -2.0664    0.3247     0.27664  0.16957 -0.01171
             +0.00        -0.01       +0.00     -0.00       +0.00    -0.01    +0.00

SSL 2459324.887376      36.7528     -1.4433    0.3210     0.25711  0.19202 -0.00809
LSL 2459324.887382      36.7496     -1.4436    0.3210     0.25713  0.19200 -0.00809
             +0.00        -0.01       +0.02     +0.00       +0.01    -0.01    +0.00

SSL 2459325.803721      42.1080     -0.7941    0.3177     0.23567  0.21300 -0.00440
LSL 2459325.803727      42.1071     -0.7944    0.3177     0.23567  0.21300 -0.00440
             +0.00        -0.00       +0.04     -0.00       +0.00    +0.00    +0.00

SSL 2459326.720066      47.5672     -0.1250    0.3148     0.21240  0.23234 -0.00069
LSL 2459326.720072      47.5695     -0.1251    0.3148     0.21239  0.23235 -0.00069
             +0.00        +0.00       +0.11     -0.00       -0.00    +0.00    +0.00

SSL 2459327.636410      53.1197      0.5567    0.3123     0.18744  0.24983  0.00303
LSL 2459327.636417      53.1193      0.5566    0.3123     0.18745  0.24983  0.00303
             +0.00        -0.00       -0.02     +0.01       +0.01    +0.00    +0.00

SSL 2459328.552755      58.7529      1.2427    0.3104     0.16096  0.26528  0.00673
LSL 2459328.552762      58.7531      1.2429    0.3104     0.16096  0.26528  0.00673
             +0.00        +0.00       +0.01     -0.01       +0.00    +0.00    +0.00

SSL 2459329.469100      64.4521      1.9242    0.3089     0.13314  0.27853  0.01037
LSL 2459329.469107      64.4498      1.9241    0.3089     0.13315  0.27853  0.01037
             +0.00        -0.00       -0.00     -0.00       +0.01    +0.00    +0.00

