         JD                L           B          R           X        Y       Z
SSL 2459241.500000     350.3822     -1.0978   29.9264    29.50036 -4.99903 -0.57338
LSL 2459241.500000     350.3823     -1.0978   29.9264    29.50036 -4.99901 -0.57338
             +0.00        +0.00       +0.00     +0.00       +0.00    -0.00    +0.00

SSL 2459868.395833     354.2043     -1.1871   29.9142    29.75487 -3.02012 -0.61976
LSL 2459868.395813     354.2044     -1.1872   29.9142    29.75488 -3.02008 -0.61978
             -0.00        +0.00       +0.01     -0.00       +0.00    -0.00    +0.00

SSL 2460495.291667     358.0289     -1.2712   29.8989    29.87388 -1.02814 -0.66332
LSL 2460495.291626     358.0289     -1.2713   29.8989    29.87387 -1.02813 -0.66334
             -0.00        +0.00       +0.01     +0.00       -0.00    -0.00    +0.00

SSL 2461122.187500       1.8509     -1.3498   29.8827    29.85878  0.96489 -0.70391
LSL 2461122.187439       1.8510     -1.3498   29.8827    29.85878  0.96495 -0.70391
             -0.00        +0.01       -0.00     -0.00       +0.00    +0.01    +0.00

SSL 2461749.083333       5.6703     -1.4224   29.8683    29.71299  2.95017 -0.74142
LSL 2461749.083252       5.6703     -1.4224   29.8683    29.71298  2.95021 -0.74143
             -0.00        +0.00       +0.00     -0.00       -0.00    +0.00    +0.00

SSL 2462375.979167       9.4904     -1.4888   29.8575    29.43886  4.92132 -0.77573
LSL 2462375.979065       9.4904     -1.4888   29.8575    29.43886  4.92131 -0.77573
             -0.00        +0.00       -0.00     -0.00       +0.00    -0.00    +0.00

SSL 2463002.875000      13.3154     -1.5486   29.8501    29.03707  6.87231 -0.80670
LSL 2463002.874878      13.3154     -1.5486   29.8501    29.03707  6.87230 -0.80669
             -0.00        -0.00       -0.00     +0.00       +0.00    -0.00    -0.00

SSL 2463629.770833      17.1482     -1.6016   29.8448    28.50694  8.79615 -0.83414
LSL 2463629.770691      17.1483     -1.6016   29.8448    28.50693  8.79618 -0.83414
             -0.00        +0.00       -0.00     +0.00       -0.00    +0.00    +0.00

SSL 2464256.666667      20.9887     -1.6475   29.8388    27.84755 10.68336 -0.85786
LSL 2464256.666504      20.9888     -1.6475   29.8388    27.84753 10.68340 -0.85787
             -0.00        +0.00       -0.00     +0.00       -0.00    +0.00    +0.00

SSL 2464883.562500      24.8317     -1.6861   29.8304    27.06071 12.52199 -0.87771
LSL 2464883.562317      24.8318     -1.6861   29.8304    27.06069 12.52204 -0.87772
             -0.00        +0.00       +0.00     +0.00       -0.00    +0.00    +0.00

SSL 2465510.458333      28.6714     -1.7173   29.8206    26.15238 14.30105 -0.89365
LSL 2465510.458130      28.6715     -1.7173   29.8206    26.15236 14.30109 -0.89365
             -0.00        +0.00       -0.00     -0.00       -0.00    +0.00    +0.00

SSL 2466137.354167      32.5058     -1.7409   29.8121    25.13005 16.01316 -0.90569
LSL 2466137.353943      32.5058     -1.7409   29.8121    25.13002 16.01320 -0.90570
             -0.00        +0.00       +0.00     -0.00       -0.00    +0.00    +0.00

SSL 2466764.250000      36.3369     -1.7569   29.8072    23.99982 17.65345 -0.91384
LSL 2466764.249756      36.3370     -1.7569   29.8072    23.99980 17.65347 -0.91384
             -0.00        +0.00       -0.00     +0.00       -0.00    +0.00    +0.00

SSL 2467391.145833      40.1689     -1.7650   29.8068    22.76592 19.21753 -0.91805
LSL 2467391.145569      40.1690     -1.7650   29.8068    22.76590 19.21756 -0.91805
             -0.00        +0.00       -0.00     -0.00       -0.00    +0.00    +0.00

SSL 2468018.041667      44.0060     -1.7652   29.8099    21.43113 20.70010 -0.91825
LSL 2468018.041382      44.0059     -1.7652   29.8099    21.43115 20.70009 -0.91824
             -0.00        -0.00       -0.00     +0.00       +0.00    -0.00    -0.00

SSL 2468644.937500      47.8499     -1.7575   29.8140    19.99802 22.09340 -0.91436
LSL 2468644.937195      47.8499     -1.7575   29.8140    19.99803 22.09338 -0.91437
             -0.00        -0.00       -0.00     +0.00       +0.00    -0.00    +0.00

SSL 2469271.833333      51.6975     -1.7419   29.8164    18.47203 23.38755 -0.90636
LSL 2469271.833008      51.6976     -1.7420   29.8164    18.47200 23.38758 -0.90637
             -0.00        +0.00       +0.00     -0.00       -0.00    +0.00    +0.00

SSL 2469898.729167      55.5424     -1.7188   29.8167    16.86256 24.57416 -0.89432
LSL 2469898.728821      55.5424     -1.7188   29.8167    16.86258 24.57416 -0.89431
             -0.00        +0.00       -0.00     +0.00       +0.00    +0.00    -0.00

SSL 2470525.625000      59.3810     -1.6881   29.8171    15.18009 25.64867 -0.87838
LSL 2470525.624634      59.3811     -1.6881   29.8171    15.18005 25.64870 -0.87837
             -0.00        +0.00       +0.00     +0.00       -0.00    +0.00    -0.00

SSL 2471152.520833      63.2133     -1.6500   29.8200    13.43341 26.60900 -0.85865
LSL 2471152.520447      63.2133     -1.6500   29.8200    13.43340 26.60901 -0.85864
             -0.00        +0.00       +0.00     +0.00       -0.00    +0.00    -0.00

SSL 2471779.416667      67.0425     -1.6046   29.8268    11.62933 27.45359 -0.83519
LSL 2471779.416260      67.0425     -1.6046   29.8268    11.62931 27.45359 -0.83519
             -0.00        +0.00       -0.00     +0.00       -0.00    +0.00    +0.00

SSL 2472406.312500      70.8730     -1.5519   29.8376     9.77309 28.18003 -0.80807
LSL 2472406.312073      70.8731     -1.5519   29.8376     9.77306 28.18004 -0.80805
             -0.00        +0.00       -0.00     -0.00       -0.00    +0.00    -0.00

SSL 2473033.208333      74.7083     -1.4922   29.8501     7.86981 28.78354 -0.77733
LSL 2473033.207886      74.7083     -1.4922   29.8501     7.86980 28.78354 -0.77733
             -0.00        +0.00       +0.00     +0.00       -0.00    +0.00    +0.00

SSL 2473660.104167      78.5470     -1.4259   29.8613     5.92754 29.25764 -0.74308
LSL 2473660.103699      78.5471     -1.4259   29.8613     5.92751 29.25764 -0.74308
             -0.00        +0.00       +0.00     +0.00       -0.00    +0.00    +0.00

SSL 2474287.000000      82.3833     -1.3534   29.8697     3.95798 29.59787 -0.70552
LSL 2474286.999512      82.3833     -1.3534   29.8697     3.95798 29.59788 -0.70552
             -0.00        +0.00       +0.00     -0.00       +0.00    +0.00    +0.00

SSL 2474913.895833      86.2120     -1.2752   29.8765     1.97331 29.80384 -0.66491
LSL 2474913.895325      86.2120     -1.2752   29.8765     1.97331 29.80384 -0.66491
             -0.00        -0.00       +0.00     -0.00       +0.00    +0.00    +0.00

SSL 2475540.791667      90.0315     -1.1916   29.8841    -0.01640 29.87759 -0.62148
LSL 2475540.791138      90.0315     -1.1916   29.8840    -0.01642 29.87758 -0.62148
             -0.00        -0.00       +0.00     -0.00       +0.12    -0.00    +0.00

SSL 2476167.687500      93.8432     -1.1029   29.8945    -2.00332 29.82172 -0.57540
LSL 2476167.686951      93.8431     -1.1029   29.8945    -2.00329 29.82173 -0.57540
             -0.00        -0.00       -0.00     -0.00       -0.00    +0.00    +0.00

SSL 2476794.583333      97.6513     -1.0093   29.9089    -3.98155 29.63798 -0.52683
LSL 2476794.582764      97.6512     -1.0093   29.9089    -3.98151 29.63799 -0.52682
             -0.00        -0.00       -0.00     -0.00       -0.00    +0.00    -0.00

SSL 2477421.479167     101.4607     -0.9112   29.9261    -5.94544 29.32569 -0.47592
LSL 2477421.478577     101.4607     -0.9112   29.9261    -5.94545 29.32568 -0.47592
             -0.00        +0.00       +0.00     -0.00       +0.00    -0.00    +0.00

SSL 2478048.375000     105.2726     -0.8092   29.9431    -7.88656 28.88272 -0.42288
LSL 2478048.374390     105.2726     -0.8092   29.9431    -7.88656 28.88271 -0.42287
             -0.00        +0.00       -0.00     -0.00       +0.00    -0.00    -0.00

SSL 2478675.270833     109.0827     -0.7038   29.9576    -9.79336 28.30921 -0.36799
LSL 2478675.270203     109.0827     -0.7038   29.9576    -9.79336 28.30920 -0.36799
             -0.00        +0.00       +0.00     -0.00       +0.00    -0.00    +0.00

SSL 2479302.166667     112.8857     -0.5957   29.9698    -11.65449 27.60919 -0.31157
LSL 2479302.166016     112.8859     -0.5956   29.9698    -11.65454 27.60916 -0.31156
             -0.00        +0.00       -0.01     +0.00       +0.00    -0.00    -0.00

SSL 2479929.062500     116.6790     -0.4852   29.9817    -13.46103 26.78876 -0.25390
LSL 2479929.061829     116.6790     -0.4852   29.9817    -13.46102 26.78876 -0.25388
             -0.00        +0.00       -0.00     -0.00       -0.00    +0.00    -0.01

SSL 2480555.958333     120.4625     -0.3729   29.9953    -15.20654 25.85428 -0.19520
LSL 2480555.957642     120.4625     -0.3729   29.9953    -15.20657 25.85426 -0.19521
             -0.00        +0.00       -0.01     +0.00       +0.00    -0.00    +0.01

SSL 2481182.854167     124.2397     -0.2590   30.0127    -16.88665 24.81094 -0.13567
LSL 2481182.853455     124.2397     -0.2590   30.0127    -16.88665 24.81094 -0.13566
             -0.00        +0.00       -0.01     -0.00       +0.00    +0.00    -0.01

SSL 2481809.750000     128.0164     -0.1440   30.0335    -18.49715 23.66132 -0.07548
LSL 2481809.749268     128.0165     -0.1440   30.0334    -18.49718 23.66129 -0.07547
             -0.00        +0.00       -0.01     -0.00       +0.00    -0.00    -0.01

SSL 2482436.645833     131.7958     -0.0284   30.0550    -20.03101 22.40673 -0.01488
LSL 2482436.645081     131.7959     -0.0284   30.0550    -20.03102 22.40672 -0.01488
             -0.00        +0.00       -0.14     +0.00       +0.00    -0.00    +0.00

SSL 2483063.541667     135.5760      0.0873   30.0744    -21.47845 21.05092  0.04581
LSL 2483063.540894     135.5759      0.0873   30.0744    -21.47843 21.05093  0.04583
             -0.00        -0.00       +0.02     -0.00       -0.00    +0.00    +0.04

SSL 2483690.437500     139.3518      0.2023   30.0907    -22.83036 19.60130  0.10626
LSL 2483690.436707     139.3518      0.2024   30.0907    -22.83033 19.60133  0.10628
             -0.00        +0.00       +0.03     -0.00       -0.00    +0.00    +0.02

SSL 2484317.333333     143.1197      0.3163   30.1049    -24.08025 18.06704  0.16617
LSL 2484317.332520     143.1196      0.3163   30.1049    -24.08024 18.06705  0.16618
             -0.00        -0.00       -0.01     -0.00       -0.00    +0.00    +0.01

SSL 2484944.229167     146.8779      0.4286   30.1190    -25.22423 16.45731  0.22531
LSL 2484944.228333     146.8779      0.4286   30.1190    -25.22421 16.45732  0.22532
             -0.00        +0.00       +0.01     +0.00       -0.00    +0.00    +0.00

SSL 2485571.125000     150.6285      0.5390   30.1353    -26.26052 14.77984  0.28350
LSL 2485571.124146     150.6285      0.5390   30.1353    -26.26053 14.77982  0.28351
             -0.00        +0.00       +0.01     +0.00       +0.00    -0.00    +0.00

SSL 2486198.020833     154.3767      0.6471   30.1547    -27.18743 13.03964  0.34055
LSL 2486198.019959     154.3767      0.6471   30.1547    -27.18743 13.03965  0.34056
             -0.00        +0.00       -0.00     -0.00       +0.00    +0.00    +0.00

SSL 2486824.916667     158.1273      0.7523   30.1751    -28.00047 11.24063  0.39621
LSL 2486824.915772     158.1272      0.7524   30.1751    -28.00045 11.24068  0.39622
             -0.00        -0.00       +0.01     -0.00       -0.00    +0.00    +0.00

SSL 2487451.812500     161.8801      0.8543   30.1934    -28.69285  9.38930  0.45019
LSL 2487451.811585     161.8801      0.8543   30.1934    -28.69284  9.38929  0.45020
             -0.00        +0.00       +0.00     -0.00       -0.00    -0.00    +0.00

SSL 2488078.708333     165.6310      0.9525   30.2080    -29.25894  7.49555  0.50218
LSL 2488078.707398     165.6311      0.9525   30.2080    -29.25896  7.49550  0.50218
             -0.00        +0.00       +0.00     -0.00       +0.00    -0.00    +0.00

SSL 2488705.604167     169.3756      1.0465   30.2190    -29.69604  5.57055  0.55194
LSL 2488705.603210     169.3757      1.0466   30.2190    -29.69604  5.57052  0.55195
             -0.00        +0.00       +0.01     +0.00       +0.00    -0.00    +0.00

SSL 2489332.500000     173.1110      1.1360   30.2283    -30.00416  3.62507  0.59928
LSL 2489332.499023     173.1110      1.1360   30.2283    -30.00416  3.62505  0.59930
             -0.00        +0.00       +0.00     -0.00       +0.00    -0.00    +0.00

SSL 2489959.395833     176.8372      1.2205   30.2384    -30.18549  1.66796  0.64408
LSL 2489959.394836     176.8372      1.2205   30.2384    -30.18548  1.66798  0.64409
             -0.00        +0.00       +0.00     -0.00       -0.00    +0.00    +0.00

SSL 2490586.291667     180.5589      1.2998   30.2513    -30.24205 -0.29502  0.68624
LSL 2490586.290649     180.5590      1.2999   30.2513    -30.24205 -0.29506  0.68625
             -0.00        +0.00       +0.01     -0.00       +0.00    +0.01    +0.00

SSL 2491213.187500     184.2820      1.3737   30.2661    -30.17296 -2.25918  0.72557
LSL 2491213.186462     184.2820      1.3737   30.2661    -30.17296 -2.25919  0.72559
             -0.00        +0.00       +0.00     +0.00       +0.00    +0.00    +0.00

SSL 2491840.083333     188.0086      1.4417   30.2801    -29.97530 -4.21733  0.76186
LSL 2491840.082275     188.0087      1.4417   30.2801    -29.97529 -4.21737  0.76186
             -0.00        +0.00       +0.00     +0.00       -0.00    +0.00    +0.00

SSL 2492466.979167     191.7363      1.5037   30.2909    -29.64747 -6.15927  0.79488
LSL 2492466.978088     191.7363      1.5037   30.2909    -29.64746 -6.15927  0.79489
             -0.00        +0.00       +0.00     +0.00       -0.00    +0.00    +0.00

SSL 2493093.875000     195.4610      1.5594   30.2980    -29.19077 -8.07394  0.82449
LSL 2493093.873901     195.4611      1.5594   30.2980    -29.19076 -8.07395  0.82449
             -0.00        +0.00       -0.00     +0.00       -0.00    +0.00    +0.00

SSL 2493720.770833     199.1792      1.6085   30.3023    -28.60908 -9.95110  0.85059
LSL 2493720.769714     199.1792      1.6085   30.3023    -28.60909 -9.95107  0.85059
             -0.00        +0.00       +0.00     -0.00       +0.00    -0.00    +0.00

SSL 2494347.666667     202.8893      1.6510   30.3062    -27.90823 -11.78274  0.87316
LSL 2494347.665527     202.8893      1.6510   30.3062    -27.90822 -11.78277  0.87318
             -0.00        +0.00       +0.00     -0.00       -0.00    +0.00    +0.00

SSL 2494974.562500     206.5944      1.6866   30.3124    -27.09353 -13.56414  0.89217
LSL 2494974.561340     206.5944      1.6866   30.3124    -27.09355 -13.56411  0.89218
             -0.00        +0.00       +0.00     +0.00       +0.00    -0.00    +0.00

SSL 2495601.458333     210.3010      1.7152   30.3212    -26.16716 -15.29149  0.90754
LSL 2495601.457153     210.3009      1.7151   30.3212    -26.16718 -15.29145  0.90753
             -0.00        -0.00       -0.00     -0.00       +0.00    -0.00    -0.00

SSL 2496228.354167     214.0131      1.7365   30.3302    -25.12942 -16.95835  0.91911
LSL 2496228.352966     214.0130      1.7365   30.3301    -25.12943 -16.95833  0.91911
             -0.00        -0.00       +0.00     -0.00       +0.00    -0.00    +0.00

SSL 2496855.250000     217.7300      1.7506   30.3366    -23.98216 -18.55556  0.92677
LSL 2496855.248779     217.7300      1.7506   30.3366    -23.98215 -18.55557  0.92676
             -0.00        +0.00       +0.00     +0.00       -0.00    +0.00    -0.00

SSL 2497482.145833     221.4484      1.7575   30.3391    -22.73005 -20.07341  0.93048
LSL 2497482.144592     221.4484      1.7575   30.3391    -22.73006 -20.07341  0.93048
             -0.00        +0.00       -0.00     +0.00       +0.00    +0.00    +0.00

SSL 2498109.041667     225.1643      1.7571   30.3376    -21.38027 -21.50322  0.93024
LSL 2498109.040405     225.1643      1.7571   30.3376    -21.38025 -21.50324  0.93025
             -0.00        +0.00       +0.00     +0.00       -0.00    +0.00    +0.00

SSL 2498735.937500     228.8741      1.7496   30.3339    -19.94181 -22.83887  0.92612
LSL 2498735.936218     228.8741      1.7496   30.3339    -19.94182 -22.83886  0.92613
             -0.00        +0.00       -0.00     +0.00       +0.00    -0.00    +0.00

SSL 2499362.833333     232.5789      1.7348   30.3311    -18.42281 -24.07768  0.91821
LSL 2499362.832031     232.5790      1.7347   30.3311    -18.42279 -24.07769  0.91820
             -0.00        +0.00       -0.00     +0.00       -0.00    +0.00    -0.00

SSL 2499989.729167     236.2842      1.7127   30.3306    -16.82819 -25.21774  0.90652
LSL 2499989.727844     236.2842      1.7127   30.3306    -16.82819 -25.21773  0.90651
             -0.00        +0.00       -0.00     -0.00       +0.00    -0.00    -0.00

SSL 2500616.625000     239.9950      1.6834   30.3309    -15.16120 -26.25464  0.89101
LSL 2500616.623657     239.9950      1.6834   30.3309    -15.16118 -26.25465  0.89102
             -0.00        +0.00       +0.00     -0.00       -0.00    +0.00    +0.00

SSL 2501243.520833     243.7123      1.6470   30.3295    -13.42675 -27.18163  0.87170
LSL 2501243.519470     243.7123      1.6470   30.3295    -13.42674 -27.18163  0.87170
             -0.00        +0.00       -0.00     +0.00       -0.00    +0.00    +0.00

SSL 2501870.416667     247.4340      1.6037   30.3245    -11.63238 -27.99185  0.84867
LSL 2501870.415283     247.4341      1.6037   30.3245    -11.63233 -27.99186  0.84867
             -0.00        +0.00       +0.00     +0.00       -0.00    +0.00    +0.00

SSL 2502497.312500     251.1562      1.5539   30.3152    -9.78789 -28.67980  0.82205
LSL 2502497.311096     251.1562      1.5539   30.3152    -9.78789 -28.67979  0.82205
             -0.00        +0.00       -0.00     -0.00       +0.00    -0.00    +0.00

SSL 2503124.208333     254.8742      1.4977   30.3027    -7.90448 -29.24289  0.79203
LSL 2503124.206909     254.8741      1.4977   30.3027    -7.90453 -29.24288  0.79202
             -0.00        -0.00       +0.00     +0.00       +0.00    -0.00    -0.00

SSL 2503751.104167     258.5870      1.4354   30.2903    -5.99194 -29.68199  0.75878
LSL 2503751.102722     258.5871      1.4354   30.2903    -5.99191 -29.68200  0.75878
             -0.00        +0.00       +0.00     -0.00       -0.00    +0.00    +0.00

SSL 2504378.000000     262.2990      1.3671   30.2802    -4.05652 -29.99856  0.72244
LSL 2504377.998535     262.2990      1.3671   30.2802    -4.05650 -29.99856  0.72245
             -0.00        +0.00       +0.00     +0.00       -0.00    +0.00    +0.00

SSL 2505004.895833     266.0157      1.2930   30.2723    -2.10287 -30.19143  0.68308
LSL 2505004.894348     266.0158      1.2929   30.2723    -2.10285 -30.19144  0.68307
             -0.00        +0.00       -0.00     -0.00       -0.00    +0.00    -0.00

SSL 2505631.791667     269.7402      1.2132   30.2645    -0.13721 -30.25736  0.64079
LSL 2505631.790161     269.7401      1.2132   30.2645    -0.13722 -30.25736  0.64077
             -0.00        -0.00       -0.00     -0.00       +0.01    +0.00    -0.00

SSL 2506258.687500     273.4720      1.1283   30.2545     1.83187 -30.19315  0.59573
LSL 2506258.685974     273.4721      1.1283   30.2545     1.83191 -30.19315  0.59573
             -0.00        +0.00       -0.00     +0.00       +0.00    +0.00    +0.00

SSL 2506885.583333     277.2080      1.0386   30.2410     3.79380 -29.99709  0.54816
LSL 2506885.581787     277.2080      1.0386   30.2410     3.79379 -29.99709  0.54815
             -0.00        +0.00       +0.00     +0.00       -0.00    +0.00    -0.00

SSL 2507512.479167     280.9436      0.9447   30.2241     5.73702 -29.67047  0.49833
LSL 2507512.477600     280.9435      0.9447   30.2241     5.73700 -29.67048  0.49831
             -0.00        -0.00       -0.00     +0.00       -0.00    +0.00    -0.00

SSL 2508139.375000     284.6757      0.8469   30.2065     7.65190 -29.21787  0.44648
LSL 2508139.373413     284.6756      0.8469   30.2065     7.65188 -29.21788  0.44647
             -0.00        -0.00       -0.00     +0.00       -0.00    +0.00    -0.00

SSL 2508766.270833     288.4069      0.7455   30.1911     9.53247 -28.64405  0.39280
LSL 2508766.269226     288.4070      0.7455   30.1911     9.53247 -28.64405  0.39281
             -0.00        +0.00       -0.00     +0.00       +0.00    +0.00    +0.00

SSL 2509393.166667     292.1430      0.6407   30.1786    11.37420 -27.95102  0.33744
LSL 2509393.165039     292.1430      0.6407   30.1786    11.37417 -27.95102  0.33745
             -0.00        +0.00       -0.00     -0.00       -0.00    +0.00    +0.00

SSL 2510020.062500     295.8880      0.5329   30.1674    13.17090 -27.13886  0.28057
LSL 2510020.060852     295.8881      0.5329   30.1674    13.17093 -27.13885  0.28055
             -0.00        +0.00       -0.01     -0.00       +0.00    -0.00    -0.01

SSL 2510646.958333     299.6429      0.4226   30.1553    14.91419 -26.20797  0.22242
LSL 2510646.956665     299.6430      0.4226   30.1553    14.91422 -26.20796  0.22242
             -0.00        +0.00       +0.00     -0.00       +0.00    -0.00    +0.00

SSL 2511273.854167     303.4059      0.3104   30.1401    16.59390 -25.16034  0.16329
LSL 2511273.852478     303.4059      0.3104   30.1401    16.59391 -25.16033  0.16330
             -0.00        +0.00       +0.01     +0.00       +0.00    -0.00    +0.01

SSL 2511900.750000     307.1718      0.1969   30.1211    18.19928 -24.00120  0.10352
LSL 2511900.748291     307.1718      0.1969   30.1211    18.19928 -24.00121  0.10353
             -0.00        +0.00       +0.01     +0.00       +0.00    +0.00    +0.01

SSL 2512527.645833     310.9359      0.0826   30.1001    19.72202 -22.73892  0.04340
LSL 2512527.644104     310.9360      0.0826   30.1001    19.72206 -22.73888  0.04340
             -0.00        +0.00       +0.03     +0.00       +0.00    -0.00    +0.00

SSL 2513154.541667     314.6984     -0.0321   30.0803    21.15775 -21.38169 -0.01684
LSL 2513154.539917     314.6985     -0.0321   30.0803    21.15778 -21.38166 -0.01684
             -0.00        +0.00       -0.04     +0.00       +0.00    -0.00    +0.00

SSL 2513781.437500     318.4637     -0.1468   30.0634    22.50350 -19.93482 -0.07702
LSL 2513781.435730     318.4637     -0.1468   30.0634    22.50351 -19.93482 -0.07702
             -0.00        +0.00       -0.01     +0.00       +0.00    +0.00    +0.00

SSL 2514408.333333     322.2365     -0.2611   30.0489    23.75478 -18.40185 -0.13692
LSL 2514408.331543     322.2365     -0.2611   30.0489    23.75477 -18.40187 -0.13693
             -0.00        +0.00       -0.00     +0.00       -0.00    +0.00    +0.01

SSL 2515035.229167     326.0192     -0.3744   30.0350    24.90521 -16.78662 -0.19628
LSL 2515035.227356     326.0192     -0.3744   30.0349    24.90520 -16.78662 -0.19628
             -0.00        +0.00       +0.01     -0.00       -0.00    +0.00    +0.00

SSL 2515662.125000     329.8113     -0.4863   30.0193    25.94694 -15.09463 -0.25478
LSL 2515662.123169     329.8113     -0.4863   30.0193    25.94695 -15.09461 -0.25480
             -0.00        +0.00       +0.01     -0.00       +0.00    -0.00    +0.01

SSL 2516289.020833     333.6084     -0.5961   30.0003    26.87208 -13.33451 -0.31210
LSL 2516289.018982     333.6085     -0.5961   30.0003    26.87210 -13.33445 -0.31212
             -0.00        +0.00       +0.00     -0.00       +0.00    -0.00    +0.01

SSL 2516915.916667     337.4047     -0.7033   29.9789    27.67565 -11.51761 -0.36796
LSL 2516915.914795     337.4047     -0.7033   29.9789    27.67565 -11.51762 -0.36798
             -0.00        +0.00       +0.00     -0.00       +0.00    +0.00    +0.01

SSL 2517542.812500     341.1981     -0.8074   29.9582    28.35679 -9.65451 -0.42216
LSL 2517542.810608     341.1981     -0.8074   29.9582    28.35678 -9.65450 -0.42216
             -0.00        +0.00       +0.00     +0.00       -0.00    -0.00    +0.00

SSL 2518169.708333     344.9916     -0.9081   29.9409    28.91588 -7.75253 -0.47454
LSL 2518169.706421     344.9917     -0.9081   29.9409    28.91589 -7.75248 -0.47454
             -0.00        +0.00       +0.00     -0.00       +0.00    -0.00    +0.00

SSL 2518796.604167     348.7900     -1.0050   29.9272    29.35175 -5.81714 -0.52493
LSL 2518796.602234     348.7899     -1.0050   29.9273    29.35175 -5.81715 -0.52493
             -0.00        -0.00       +0.00     +0.00       +0.00    +0.00    +0.00

SSL 2519423.500000     352.5969     -1.0977   29.9163    29.66148 -3.85397 -0.57310
LSL 2519423.498047     352.5969     -1.0977   29.9163    29.66148 -3.85398 -0.57310
             -0.00        +0.00       -0.00     +0.00       +0.00    +0.00    +0.00

