2459241.500000     304.4394     -0.4577    9.9829     5.64549 -8.23287 -0.07974
2459353.575208     307.8741     -0.6031    9.9639     6.11676 -7.86465 -0.10488
2459465.650417     311.3227     -0.7469    9.9430     6.56482 -7.46661 -0.12962
2459577.725625     314.7865     -0.8887    9.9205     6.98782 -7.04009 -0.15387
2459689.800833     318.2668     -1.0278    9.8963     7.38397 -6.58656 -0.17752
2459801.876042     321.7648     -1.1639    9.8706     7.75155 -6.10760 -0.20049
2459913.951250     325.2815     -1.2962    9.8435     8.08892 -5.60490 -0.22268
2460026.026458     328.8181     -1.4245    9.8151     8.39451 -5.08028 -0.24400
2460138.101667     332.3755     -1.5480    9.7855     8.66686 -4.53565 -0.26435
2460250.176875     335.9547     -1.6662    9.7548     8.90458 -3.97301 -0.28365
2460362.252083     339.5567     -1.7787    9.7232     9.10643 -3.39449 -0.30180
2460474.327292     343.1822     -1.8849    9.6907     9.27126 -2.80230 -0.31874
2460586.402500     346.8321     -1.9841    9.6576     9.39802 -2.19873 -0.33437
2460698.477708     350.5070     -2.0759    9.6239     9.48584 -1.58619 -0.34861
2460810.552917     354.2076     -2.1598    9.5897     9.53396 -0.96715 -0.36140
2460922.628125     357.9344     -2.2352    9.5553     9.54178 -0.34415 -0.37267
2461034.703333       1.6878     -2.3016    9.5207     9.50885  0.28019 -0.38234
2461146.778542       5.4681     -2.3585    9.4861     9.43490  0.90318 -0.39037
2461258.853750       9.2757     -2.4055    9.4516     9.31982  1.52212 -0.39670
2461370.928958      13.1105     -2.4421    9.4175     9.16368  2.13423 -0.40128
2461483.004167      16.9726     -2.4680    9.3838     8.96676  2.73673 -0.40408
2461595.079375      20.8618     -2.4827    9.3507     8.72950  3.32681 -0.40505
2461707.154583      24.7778     -2.4860    9.3184     8.45258  3.90167 -0.40419
2461819.229792      28.7203     -2.4776    9.2870     8.13684  4.45853 -0.40147
2461931.305000      32.6885     -2.4574    9.2566     7.78336  4.99463 -0.39689
2462043.380208      36.6819     -2.4251    9.2274     7.39344  5.50726 -0.39045
2462155.455417      40.6994     -2.3808    9.1996     6.96857  5.99378 -0.38216
2462267.530625      44.7400     -2.3245    9.1732     6.51046  6.45165 -0.37205
2462379.605833      48.8026     -2.2561    9.1485     6.02105  6.87841 -0.36015
2462491.681042      52.8858     -2.1761    9.1255     5.50244  7.27177 -0.34650
2462603.756250      56.9880     -2.0845    9.1045     4.95695  7.62955 -0.33116
2462715.831458      61.1078     -1.9818    9.0854     4.38708  7.94976 -0.31419
2462827.906667      65.2435     -1.8684    9.0684     3.79549  8.23058 -0.29566
2462939.981875      69.3930     -1.7448    9.0536     3.18499  8.47039 -0.27567
2463052.057083      73.5547     -1.6117    9.0411     2.55853  8.66781 -0.25429
2463164.132292      77.7263     -1.4697    9.0310     1.91918  8.82166 -0.23164
2463276.207500      81.9059     -1.3197    9.0233     1.27013  8.93101 -0.20781
2463388.282708      86.0913     -1.1624    9.0180     0.61460  8.99521 -0.18294
2463500.357917      90.2803     -0.9987    9.0153    -0.04410  9.01382 -0.15714
2463612.433125      94.4707     -0.8297    9.0151    -0.70264  8.98672 -0.13054
2463724.508333      98.6602     -0.6562    9.0174    -1.35770  8.91402 -0.10328
2463836.583542     102.8467     -0.4794    9.0223    -2.00597  8.79612 -0.07549
2463948.658750     107.0280     -0.3002    9.0296    -2.64419  8.63366 -0.04732
2464060.733958     111.2019     -0.1198    9.0394    -3.26916  8.42756 -0.01890
2464172.809167     115.3664      0.0608    9.0517    -3.87778  8.17896  0.00961
2464284.884375     119.5194      0.2407    9.0662    -4.46706  7.88927  0.03808
2464396.959583     123.6590      0.4186    9.0831    -5.03414  7.56009  0.06636
2464509.034792     127.7833      0.5937    9.1020    -5.57631  7.19326  0.09432
2464621.110000     131.8906      0.7650    9.1231    -6.09103  6.79081  0.12181
2464733.185208     135.9791      0.9316    9.1460    -6.57593  6.35493  0.14871
2464845.260417     140.0475      1.0927    9.1708    -7.02886  5.88798  0.17488
2464957.335625     144.0944      1.2474    9.1973    -7.44787  5.39247  0.20022
2465069.410833     148.1185      1.3950    9.2252    -7.83122  4.87101  0.22459
2465181.486042     152.1187      1.5350    9.2546    -8.17740  4.32629  0.24790
2465293.561250     156.0941      1.6666    9.2852    -8.48510  3.76112  0.27005
2465405.636458     160.0440      1.7895    9.3169    -8.75324  3.17831  0.29094
2465517.711667     163.9675      1.9031    9.3496    -8.98097  2.58076  0.31049
2465629.786875     167.8643      2.0071    9.3829    -9.16763  1.97135  0.32862
2465741.862083     171.7338      2.1012    9.4169    -9.31279  1.35298  0.34527
2465853.937292     175.5759      2.1852    9.4512    -9.41621  0.72852  0.36037
2465966.012500     179.3905      2.2589    9.4858    -9.47786  0.10083  0.37388
2466078.087708     183.1776      2.3221    9.5203    -9.49789 -0.52730  0.38574
2466190.162917     186.9377      2.3749    9.5547    -9.47664 -1.15312  0.39593
2466302.238125     190.6710      2.4173    9.5888    -9.41463 -1.77398  0.40442
2466414.313333     194.3782      2.4491    9.6225    -9.31254 -2.38727  0.41119
2466526.388542     198.0599      2.4707    9.6554    -9.17121 -2.99051  0.41623
2466638.463750     201.7170      2.4820    9.6877    -8.99162 -3.58130  0.41953
2466750.538958     205.3504      2.4833    9.7190    -8.77489 -4.15732  0.42111
2466862.614167     208.9608      2.4747    9.7494    -8.52229 -4.71636  0.42096
2466974.689375     212.5493      2.4564    9.7787    -8.23517 -5.25634  0.41911
2467086.764583     216.1166      2.4287    9.8068    -7.91503 -5.77526  0.41558
2467198.839792     219.6639      2.3919    9.8338    -7.56345 -6.27125  0.41041
2467310.915000     223.1919      2.3462    9.8594    -7.18208 -6.74252  0.40362
2467422.990208     226.7018      2.2920    9.8836    -6.77269 -7.18745  0.39527
2467535.065417     230.1944      2.2295    9.9063    -6.33709 -7.60449  0.38538
2467647.140625     233.6708      2.1591    9.9276    -5.87716 -7.99225  0.37402
2467759.215833     237.1322      2.0812    9.9473    -5.39484 -8.34943  0.36123
2467871.291042     240.5796      1.9960    9.9653    -4.89212 -8.67487  0.34708
2467983.366250     244.0141      1.9039    9.9816    -4.37101 -8.96752  0.33162
2468095.441458     247.4371      1.8054    9.9961    -3.83359 -9.22645  0.31493
2468207.516667     250.8497      1.7007   10.0089    -3.28194 -9.45086  0.29706
2468319.591875     254.2532      1.5904   10.0198    -2.71820 -9.64008  0.27809
2468431.667083     257.6488      1.4747   10.0289    -2.14451 -9.79353  0.25809
2468543.742292     261.0378      1.3540   10.0361    -1.56301 -9.91078  0.23715
2468655.817500     264.4215      1.2288   10.0413    -0.97588 -9.99149  0.21534
2468767.892708     267.8013      1.0994   10.0447    -0.38529 -10.03544  0.19274
2468879.967917     271.1785      0.9664   10.0461     0.20660 -10.04255  0.16943
2468992.043125     274.5545      0.8300   10.0456     0.79761 -10.01282  0.14551
2469104.118333     277.9306      0.6906   10.0432     1.38560 -9.94638  0.12106
2469216.193542     281.3084      0.5489   10.0388     1.96841 -9.84345  0.09616
2469328.268750     284.6890      0.4050   10.0325     2.54391 -9.70439  0.07092
2469440.343958     288.0741      0.2596   10.0244     3.10999 -9.52963  0.04542
2469552.419167     291.4649      0.1130   10.0143     3.66455 -9.31975  0.01974
2469664.494375     294.8629     -0.0344   10.0025     4.20553 -9.07542 -0.00600
2469776.569583     298.2694     -0.1819    9.9888     4.73087 -8.79742 -0.03172
2469888.644792     301.6859     -0.3293    9.9734     5.23858 -8.48664 -0.05732
2470000.720000     305.1137     -0.4760    9.9563     5.72667 -8.14408 -0.08271
