         JD                L           B          R           X        Y       Z
SSL 2459241.500000     304.4394     -0.4577    9.9829     5.64549 -8.23287 -0.07974
LSL 2459241.500000     304.4395     -0.4577    9.9828     5.64547 -8.23282 -0.07974
             +0.00        +0.00       -0.00     -0.00       -0.00    -0.00    +0.00

SSL 2459353.575208     307.8741     -0.6031    9.9639     6.11676 -7.86465 -0.10488
LSL 2459353.575203     307.8742     -0.6032    9.9638     6.11674 -7.86461 -0.10489
             -0.00        +0.00       +0.01     -0.00       -0.00    -0.00    +0.01

SSL 2459465.650417     311.3227     -0.7469    9.9430     6.56482 -7.46661 -0.12962
LSL 2459465.650406     311.3228     -0.7470    9.9430     6.56480 -7.46657 -0.12963
             -0.00        +0.00       +0.02     -0.00       -0.00    -0.00    +0.01

SSL 2459577.725625     314.7865     -0.8887    9.9205     6.98782 -7.04009 -0.15387
LSL 2459577.725609     314.7865     -0.8888    9.9205     6.98779 -7.04006 -0.15389
             -0.00        +0.00       +0.01     -0.00       -0.00    -0.00    +0.01

SSL 2459689.800833     318.2668     -1.0278    9.8963     7.38397 -6.58656 -0.17752
LSL 2459689.800812     318.2668     -1.0280    9.8963     7.38395 -6.58654 -0.17755
             -0.00        +0.00       +0.02     -0.00       -0.00    -0.00    +0.02

SSL 2459801.876042     321.7648     -1.1639    9.8706     7.75155 -6.10760 -0.20049
LSL 2459801.876015     321.7647     -1.1640    9.8706     7.75153 -6.10760 -0.20052
             -0.00        -0.00       +0.01     +0.00       -0.00    +0.00    +0.01

SSL 2459913.951250     325.2815     -1.2962    9.8435     8.08892 -5.60490 -0.22268
LSL 2459913.951218     325.2813     -1.2964    9.8435     8.08890 -5.60493 -0.22271
             -0.00        -0.00       +0.02     +0.00       -0.00    +0.00    +0.01

SSL 2460026.026458     328.8181     -1.4245    9.8151     8.39451 -5.08028 -0.24400
LSL 2460026.026421     328.8179     -1.4247    9.8151     8.39452 -5.08032 -0.24403
             -0.00        -0.00       +0.01     +0.00       +0.00    +0.00    +0.01

SSL 2460138.101667     332.3755     -1.5480    9.7855     8.66686 -4.53565 -0.26435
LSL 2460138.101624     332.3753     -1.5482    9.7856     8.66689 -4.53569 -0.26439
             -0.00        -0.00       +0.02     +0.00       +0.00    +0.00    +0.02

SSL 2460250.176875     335.9547     -1.6662    9.7548     8.90458 -3.97301 -0.28365
LSL 2460250.176827     335.9545     -1.6665    9.7549     8.90464 -3.97308 -0.28369
             -0.00        -0.00       +0.02     +0.00       +0.00    +0.00    +0.01

SSL 2460362.252083     339.5567     -1.7787    9.7232     9.10643 -3.39449 -0.30180
LSL 2460362.252029     339.5564     -1.7790    9.7233     9.10651 -3.39458 -0.30185
             -0.00        -0.00       +0.02     +0.00       +0.00    +0.00    +0.02

SSL 2460474.327292     343.1822     -1.8849    9.6907     9.27126 -2.80230 -0.31874
LSL 2460474.327232     343.1819     -1.8851    9.6909     9.27136 -2.80238 -0.31879
             -0.00        -0.00       +0.01     +0.00       +0.00    +0.00    +0.02

SSL 2460586.402500     346.8321     -1.9841    9.6576     9.39802 -2.19873 -0.33437
LSL 2460586.402435     346.8318     -1.9844    9.6577     9.39815 -2.19881 -0.33442
             -0.00        -0.00       +0.01     +0.00       +0.00    +0.00    +0.01

SSL 2460698.477708     350.5070     -2.0759    9.6239     9.48584 -1.58619 -0.34861
LSL 2460698.477638     350.5067     -2.0762    9.6240     9.48598 -1.58627 -0.34867
             -0.00        -0.00       +0.02     +0.00       +0.00    +0.01    +0.02

SSL 2460810.552917     354.2076     -2.1598    9.5897     9.53396 -0.96715 -0.36140
LSL 2460810.552841     354.2073     -2.1601    9.5898     9.53410 -0.96722 -0.36146
             -0.00        -0.00       +0.01     +0.00       +0.00    +0.01    +0.02

SSL 2460922.628125     357.9344     -2.2352    9.5553     9.54178 -0.34415 -0.37267
LSL 2460922.628044     357.9341     -2.2355    9.5554     9.54191 -0.34420 -0.37272
             -0.00        -0.00       +0.01     +0.00       +0.00    +0.01    +0.01

SSL 2461034.703333       1.6878     -2.3016    9.5207     9.50885  0.28019 -0.38234
LSL 2461034.703247       1.6874     -2.3019    9.5208     9.50897  0.28012 -0.38239
             -0.00        -0.03       +0.01     +0.00       +0.00    -0.02    +0.01

SSL 2461146.778542       5.4681     -2.3585    9.4861     9.43490  0.90318 -0.39037
LSL 2461146.778450       5.4678     -2.3588    9.4862     9.43499  0.90313 -0.39043
             -0.00        -0.01       +0.01     +0.00       +0.00    -0.01    +0.02

SSL 2461258.853750       9.2757     -2.4055    9.4516     9.31982  1.52212 -0.39670
LSL 2461258.853653       9.2754     -2.4058    9.4517     9.31988  1.52209 -0.39675
             -0.00        -0.00       +0.01     +0.00       +0.00    -0.00    +0.01

SSL 2461370.928958      13.1105     -2.4421    9.4175     9.16368  2.13423 -0.40128
LSL 2461370.928856      13.1103     -2.4423    9.4175     9.16372  2.13419 -0.40132
             -0.00        -0.00       +0.01     +0.00       +0.00    -0.00    +0.01

SSL 2461483.004167      16.9726     -2.4680    9.3838     8.96676  2.73673 -0.40408
LSL 2461483.004059      16.9724     -2.4682    9.3838     8.96676  2.73669 -0.40411
             -0.00        -0.00       +0.01     -0.00       +0.00    -0.00    +0.01

SSL 2461595.079375      20.8618     -2.4827    9.3507     8.72950  3.32681 -0.40505
LSL 2461595.079262      20.8617     -2.4829    9.3507     8.72948  3.32678 -0.40509
             -0.00        -0.00       +0.01     -0.00       -0.00    -0.00    +0.01

SSL 2461707.154583      24.7778     -2.4860    9.3184     8.45258  3.90167 -0.40419
LSL 2461707.154465      24.7777     -2.4862    9.3183     8.45253  3.90163 -0.40422
             -0.00        -0.00       +0.01     -0.00       -0.00    -0.00    +0.01

SSL 2461819.229792      28.7203     -2.4776    9.2870     8.13684  4.45853 -0.40147
LSL 2461819.229668      28.7200     -2.4778    9.2869     8.13680  4.45846 -0.40150
             -0.00        -0.00       +0.01     -0.00       -0.00    -0.00    +0.01

SSL 2461931.305000      32.6885     -2.4574    9.2566     7.78336  4.99463 -0.39689
LSL 2461931.304871      32.6882     -2.4575    9.2565     7.78333  4.99455 -0.39691
             -0.00        -0.00       +0.01     -0.00       -0.00    -0.00    +0.01

SSL 2462043.380208      36.6819     -2.4251    9.2274     7.39344  5.50726 -0.39045
LSL 2462043.380074      36.6816     -2.4253    9.2273     7.39341  5.50717 -0.39047
             -0.00        -0.00       +0.01     -0.00       -0.00    -0.00    +0.01

SSL 2462155.455417      40.6994     -2.3808    9.1996     6.96857  5.99378 -0.38216
LSL 2462155.455277      40.6990     -2.3809    9.1995     6.96855  5.99368 -0.38218
             -0.00        -0.00       +0.01     -0.00       -0.00    -0.00    +0.01

SSL 2462267.530625      44.7400     -2.3245    9.1732     6.51046  6.45165 -0.37205
LSL 2462267.530479      44.7395     -2.3245    9.1732     6.51047  6.45155 -0.37206
             -0.00        -0.00       +0.00     -0.00       +0.00    -0.00    +0.00

SSL 2462379.605833      48.8026     -2.2561    9.1485     6.02105  6.87841 -0.36015
LSL 2462379.605682      48.8021     -2.2562    9.1485     6.02107  6.87832 -0.36015
             -0.00        -0.00       +0.00     -0.00       +0.00    -0.00    +0.00

SSL 2462491.681042      52.8858     -2.1761    9.1255     5.50244  7.27177 -0.34650
LSL 2462491.680885      52.8853     -2.1761    9.1255     5.50247  7.27168 -0.34650
             -0.00        -0.00       -0.00     -0.00       +0.00    -0.00    +0.00

SSL 2462603.756250      56.9880     -2.0845    9.1045     4.95695  7.62955 -0.33116
LSL 2462603.756088      56.9876     -2.0845    9.1044     4.95699  7.62947 -0.33116
             -0.00        -0.00       +0.00     -0.00       +0.00    -0.00    +0.00

SSL 2462715.831458      61.1078     -1.9818    9.0854     4.38708  7.94976 -0.31419
LSL 2462715.831291      61.1075     -1.9818    9.0853     4.38711  7.94969 -0.31419
             -0.00        -0.00       +0.00     -0.00       +0.00    -0.00    +0.00

SSL 2462827.906667      65.2435     -1.8684    9.0684     3.79549  8.23058 -0.29566
LSL 2462827.906494      65.2432     -1.8684    9.0683     3.79551  8.23052 -0.29567
             -0.00        -0.00       +0.00     -0.00       +0.00    -0.00    +0.00

SSL 2462939.981875      69.3930     -1.7448    9.0536     3.18499  8.47039 -0.27567
LSL 2462939.981697      69.3929     -1.7448    9.0536     3.18499  8.47035 -0.27567
             -0.00        -0.00       +0.00     -0.00       +0.00    -0.00    +0.00

SSL 2463052.057083      73.5547     -1.6117    9.0411     2.55853  8.66781 -0.25429
LSL 2463052.056900      73.5546     -1.6117    9.0411     2.55853  8.66777 -0.25428
             -0.00        -0.00       -0.00     -0.00       +0.00    -0.00    -0.00

SSL 2463164.132292      77.7263     -1.4697    9.0310     1.91918  8.82166 -0.23164
LSL 2463164.132103      77.7262     -1.4697    9.0309     1.91919  8.82162 -0.23163
             -0.00        -0.00       -0.00     -0.00       +0.00    -0.00    -0.00

SSL 2463276.207500      81.9059     -1.3197    9.0233     1.27013  8.93101 -0.20781
LSL 2463276.207306      81.9059     -1.3196    9.0232     1.27013  8.93097 -0.20780
             -0.00        -0.00       -0.00     -0.00       +0.00    -0.00    -0.00

SSL 2463388.282708      86.0913     -1.1624    9.0180     0.61460  8.99521 -0.18294
LSL 2463388.282509      86.0911     -1.1623    9.0180     0.61463  8.99517 -0.18293
             -0.00        -0.00       -0.01     -0.00       +0.00    -0.00    -0.01

SSL 2463500.357917      90.2803     -0.9987    9.0153    -0.04410  9.01382 -0.15714
LSL 2463500.357712      90.2802     -0.9987    9.0153    -0.04407  9.01378 -0.15713
             -0.00        -0.00       -0.00     -0.00       -0.07    -0.00    -0.01

SSL 2463612.433125      94.4707     -0.8297    9.0151    -0.70264  8.98672 -0.13054
LSL 2463612.432915      94.4705     -0.8296    9.0151    -0.70262  8.98668 -0.13052
             -0.00        -0.00       -0.01     -0.00       -0.00    -0.00    -0.02

SSL 2463724.508333      98.6602     -0.6562    9.0174    -1.35770  8.91402 -0.10328
LSL 2463724.508118      98.6601     -0.6562    9.0174    -1.35768  8.91398 -0.10326
             -0.00        -0.00       -0.01     -0.00       -0.00    -0.00    -0.02

SSL 2463836.583542     102.8467     -0.4794    9.0223    -2.00597  8.79612 -0.07549
LSL 2463836.583321     102.8466     -0.4793    9.0222    -2.00594  8.79608 -0.07548
             -0.00        -0.00       -0.01     -0.00       -0.00    -0.00    -0.01

SSL 2463948.658750     107.0280     -0.3002    9.0296    -2.64419  8.63366 -0.04732
LSL 2463948.658524     107.0279     -0.3002    9.0296    -2.64416  8.63361 -0.04731
             -0.00        -0.00       -0.01     -0.00       -0.00    -0.00    -0.02

SSL 2464060.733958     111.2019     -0.1198    9.0394    -3.26916  8.42756 -0.01890
LSL 2464060.733727     111.2018     -0.1197    9.0394    -3.26912  8.42749 -0.01889
             -0.00        -0.00       -0.04     -0.00       -0.00    -0.00    -0.05

SSL 2464172.809167     115.3664      0.0608    9.0517    -3.87778  8.17896  0.00961
LSL 2464172.808929     115.3663      0.0609    9.0516    -3.87772  8.17888  0.00962
             -0.00        -0.00       +0.17     -0.00       -0.00    -0.00    +0.10

SSL 2464284.884375     119.5194      0.2407    9.0662    -4.46706  7.88927  0.03808
LSL 2464284.884132     119.5193      0.2407    9.0661    -4.46698  7.88917  0.03809
             -0.00        -0.00       +0.00     -0.00       -0.00    -0.00    +0.03

SSL 2464396.959583     123.6590      0.4186    9.0831    -5.03414  7.56009  0.06636
LSL 2464396.959335     123.6587      0.4187    9.0829    -5.03403  7.56000  0.06637
             -0.00        -0.00       +0.01     -0.00       -0.00    -0.00    +0.02

SSL 2464509.034792     127.7833      0.5937    9.1020    -5.57631  7.19326  0.09432
LSL 2464509.034538     127.7830      0.5938    9.1019    -5.57617  7.19316  0.09432
             -0.00        -0.00       +0.01     -0.00       -0.00    -0.00    +0.00

SSL 2464621.110000     131.8906      0.7650    9.1231    -6.09103  6.79081  0.12181
LSL 2464621.109741     131.8902      0.7651    9.1229    -6.09086  6.79070  0.12181
             -0.00        -0.00       +0.01     -0.00       -0.00    -0.00    +0.00

SSL 2464733.185208     135.9791      0.9316    9.1460    -6.57593  6.35493  0.14871
LSL 2464733.184944     135.9788      0.9316    9.1458    -6.57574  6.35483  0.14870
             -0.00        -0.00       +0.00     -0.00       -0.00    -0.00    -0.01

SSL 2464845.260417     140.0475      1.0927    9.1708    -7.02886  5.88798  0.17488
LSL 2464845.260147     140.0470      1.0927    9.1706    -7.02865  5.88791  0.17488
             -0.00        -0.00       -0.00     -0.00       -0.00    -0.00    +0.00

SSL 2464957.335625     144.0944      1.2474    9.1973    -7.44787  5.39247  0.20022
LSL 2464957.335350     144.0940      1.2474    9.1971    -7.44767  5.39240  0.20021
             -0.00        -0.00       -0.00     -0.00       -0.00    -0.00    -0.00

SSL 2465069.410833     148.1185      1.3950    9.2252    -7.83122  4.87101  0.22459
LSL 2465069.410553     148.1181      1.3950    9.2250    -7.83102  4.87095  0.22459
             -0.00        -0.00       +0.00     -0.00       -0.00    -0.00    +0.00

SSL 2465181.486042     152.1187      1.5350    9.2546    -8.17740  4.32629  0.24790
LSL 2465181.485756     152.1185      1.5350    9.2544    -8.17722  4.32623  0.24790
             -0.00        -0.00       -0.00     -0.00       -0.00    -0.00    +0.00

SSL 2465293.561250     156.0941      1.6666    9.2852    -8.48510  3.76112  0.27005
LSL 2465293.560959     156.0941      1.6666    9.2851    -8.48495  3.76106  0.27004
             -0.00        +0.00       -0.00     -0.00       -0.00    -0.00    -0.00

SSL 2465405.636458     160.0440      1.7895    9.3169    -8.75324  3.17831  0.29094
LSL 2465405.636162     160.0440      1.7894    9.3168    -8.75312  3.17826  0.29093
             -0.00        +0.00       -0.01     -0.00       -0.00    -0.00    -0.00

SSL 2465517.711667     163.9675      1.9031    9.3496    -8.98097  2.58076  0.31049
LSL 2465517.711365     163.9676      1.9030    9.3495    -8.98088  2.58072  0.31048
             -0.00        +0.00       -0.00     -0.00       -0.00    -0.00    -0.00

SSL 2465629.786875     167.8643      2.0071    9.3829    -9.16763  1.97135  0.32862
LSL 2465629.786568     167.8644      2.0070    9.3829    -9.16757  1.97131  0.32861
             -0.00        +0.00       -0.00     -0.00       -0.00    -0.00    -0.00

SSL 2465741.862083     171.7338      2.1012    9.4169    -9.31279  1.35298  0.34527
LSL 2465741.861771     171.7340      2.1011    9.4169    -9.31276  1.35295  0.34525
             -0.00        +0.00       -0.01     -0.00       -0.00    -0.00    -0.01

SSL 2465853.937292     175.5759      2.1852    9.4512    -9.41621  0.72852  0.36037
LSL 2465853.936974     175.5759      2.1851    9.4512    -9.41620  0.72852  0.36035
             -0.00        +0.00       -0.01     +0.00       -0.00    +0.00    -0.01

SSL 2465966.012500     179.3905      2.2589    9.4858    -9.47786  0.10083  0.37388
LSL 2465966.012177     179.3904      2.2587    9.4858    -9.47786  0.10084  0.37385
             -0.00        -0.00       -0.01     -0.00       +0.00    +0.01    -0.01

SSL 2466078.087708     183.1776      2.3221    9.5203    -9.49789 -0.52730  0.38574
LSL 2466078.087379     183.1775      2.3220    9.5203    -9.49791 -0.52727  0.38572
             -0.00        -0.00       -0.01     +0.00       +0.00    -0.01    -0.01

SSL 2466190.162917     186.9377      2.3749    9.5547    -9.47664 -1.15312  0.39593
LSL 2466190.162582     186.9375      2.3748    9.5548    -9.47667 -1.15310  0.39591
             -0.00        -0.00       -0.00     +0.00       +0.00    -0.00    -0.01

SSL 2466302.238125     190.6710      2.4173    9.5888    -9.41463 -1.77398  0.40442
LSL 2466302.237785     190.6709      2.4171    9.5889    -9.41465 -1.77397  0.40440
             -0.00        -0.00       -0.01     +0.00       +0.00    -0.00    -0.00

SSL 2466414.313333     194.3782      2.4491    9.6225    -9.31254 -2.38727  0.41119
LSL 2466414.312988     194.3781      2.4490    9.6225    -9.31256 -2.38726  0.41117
             -0.00        -0.00       -0.00     -0.00       +0.00    -0.00    -0.00

SSL 2466526.388542     198.0599      2.4707    9.6554    -9.17121 -2.99051  0.41623
LSL 2466526.388191     198.0598      2.4705    9.6554    -9.17123 -2.99049  0.41620
             -0.00        -0.00       -0.01     +0.00       +0.00    -0.00    -0.01

SSL 2466638.463750     201.7170      2.4820    9.6877    -8.99162 -3.58130  0.41953
LSL 2466638.463394     201.7170      2.4819    9.6877    -8.99163 -3.58129  0.41951
             -0.00        +0.00       -0.00     -0.00       +0.00    -0.00    -0.00

SSL 2466750.538958     205.3504      2.4833    9.7190    -8.77489 -4.15732  0.42111
LSL 2466750.538597     205.3503      2.4831    9.7190    -8.77490 -4.15731  0.42108
             -0.00        -0.00       -0.01     +0.00       +0.00    -0.00    -0.01

SSL 2466862.614167     208.9608      2.4747    9.7494    -8.52229 -4.71636  0.42096
LSL 2466862.613800     208.9608      2.4745    9.7494    -8.52230 -4.71636  0.42094
             -0.00        +0.00       -0.01     -0.00       +0.00    +0.00    -0.00

SSL 2466974.689375     212.5493      2.4564    9.7787    -8.23517 -5.25634  0.41911
LSL 2466974.689003     212.5492      2.4563    9.7787    -8.23519 -5.25633  0.41908
             -0.00        -0.00       -0.01     -0.00       +0.00    -0.00    -0.01

SSL 2467086.764583     216.1166      2.4287    9.8068    -7.91503 -5.77526  0.41558
LSL 2467086.764206     216.1166      2.4287    9.8068    -7.91504 -5.77527  0.41557
             -0.00        +0.00       -0.00     +0.00       +0.00    +0.00    -0.00

SSL 2467198.839792     219.6639      2.3919    9.8338    -7.56345 -6.27125  0.41041
LSL 2467198.839409     219.6638      2.3919    9.8338    -7.56346 -6.27124  0.41040
             -0.00        -0.00       -0.00     -0.00       +0.00    -0.00    -0.00

SSL 2467310.915000     223.1919      2.3462    9.8594    -7.18208 -6.74252  0.40362
LSL 2467310.914612     223.1919      2.3462    9.8594    -7.18209 -6.74253  0.40362
             -0.00        +0.00       +0.00     -0.00       +0.00    +0.00    +0.00

SSL 2467422.990208     226.7018      2.2920    9.8836    -6.77269 -7.18745  0.39527
LSL 2467422.989815     226.7017      2.2919    9.8836    -6.77271 -7.18745  0.39526
             -0.00        -0.00       -0.00     -0.00       +0.00    +0.00    -0.00

SSL 2467535.065417     230.1944      2.2295    9.9063    -6.33709 -7.60449  0.38538
LSL 2467535.065018     230.1944      2.2295    9.9064    -6.33710 -7.60451  0.38538
             -0.00        +0.00       -0.00     +0.00       +0.00    +0.00    +0.00

SSL 2467647.140625     233.6708      2.1591    9.9276    -5.87716 -7.99225  0.37402
LSL 2467647.140221     233.6710      2.1591    9.9276    -5.87714 -7.99228  0.37402
             -0.00        +0.00       +0.00     -0.00       -0.00    +0.00    +0.00

SSL 2467759.215833     237.1322      2.0812    9.9473    -5.39484 -8.34943  0.36123
LSL 2467759.215424     237.1323      2.0812    9.9473    -5.39482 -8.34946  0.36124
             -0.00        +0.00       +0.00     -0.00       -0.00    +0.00    +0.00

SSL 2467871.291042     240.5796      1.9960    9.9653    -4.89212 -8.67487  0.34708
LSL 2467871.290627     240.5798      1.9960    9.9653    -4.89208 -8.67490  0.34709
             -0.00        +0.00       +0.00     -0.00       -0.00    +0.00    +0.00

SSL 2467983.366250     244.0141      1.9039    9.9816    -4.37101 -8.96752  0.33162
LSL 2467983.365830     244.0145      1.9040    9.9816    -4.37096 -8.96754  0.33164
             -0.00        +0.00       +0.01     -0.00       -0.00    +0.00    +0.01

SSL 2468095.441458     247.4371      1.8054    9.9961    -3.83359 -9.22645  0.31493
LSL 2468095.441032     247.4374      1.8055    9.9962    -3.83355 -9.22648  0.31495
             -0.00        +0.00       +0.01     +0.00       -0.00    +0.00    +0.01

SSL 2468207.516667     250.8497      1.7007   10.0089    -3.28194 -9.45086  0.29706
LSL 2468207.516235     250.8499      1.7008   10.0089    -3.28192 -9.45089  0.29707
             -0.00        +0.00       +0.01     +0.00       -0.00    +0.00    +0.00

SSL 2468319.591875     254.2532      1.5904   10.0198    -2.71820 -9.64008  0.27809
LSL 2468319.591438     254.2534      1.5905   10.0199    -2.71818 -9.64012  0.27811
             -0.00        +0.00       +0.00     +0.00       -0.00    +0.00    +0.01

SSL 2468431.667083     257.6488      1.4747   10.0289    -2.14451 -9.79353  0.25809
LSL 2468431.666641     257.6488      1.4748   10.0289    -2.14451 -9.79358  0.25812
             -0.00        +0.00       +0.01     +0.00       +0.00    +0.00    +0.01

SSL 2468543.742292     261.0378      1.3540   10.0361    -1.56301 -9.91078  0.23715
LSL 2468543.741844     261.0376      1.3541   10.0361    -1.56305 -9.91083  0.23717
             -0.00        -0.00       +0.01     +0.00       +0.00    +0.00    +0.01

SSL 2468655.817500     264.4215      1.2288   10.0413    -0.97588 -9.99149  0.21534
LSL 2468655.817047     264.4214      1.2289   10.0414    -0.97592 -9.99156  0.21535
             -0.00        -0.00       +0.01     +0.00       +0.00    +0.00    +0.00

SSL 2468767.892708     267.8013      1.0994   10.0447    -0.38529 -10.03544  0.19274
LSL 2468767.892250     267.8012      1.0995   10.0448    -0.38532 -10.03554  0.19275
             -0.00        -0.00       +0.01     +0.00       +0.01    +0.00    +0.01

SSL 2468879.967917     271.1785      0.9664   10.0461     0.20660 -10.04255  0.16943
LSL 2468879.967453     271.1783      0.9664   10.0462     0.20657 -10.04266  0.16944
             -0.00        -0.00       +0.00     +0.00       -0.01    +0.00    +0.01

SSL 2468992.043125     274.5545      0.8300   10.0456     0.79761 -10.01282  0.14551
LSL 2468992.042656     274.5542      0.8300   10.0457     0.79757 -10.01295  0.14552
             -0.00        -0.00       -0.00     +0.00       -0.01    +0.00    +0.01

SSL 2469104.118333     277.9306      0.6906   10.0432     1.38560 -9.94638  0.12106
LSL 2469104.117859     277.9304      0.6906   10.0433     1.38558 -9.94651  0.12106
             -0.00        -0.00       +0.01     +0.00       -0.00    +0.00    +0.00

SSL 2469216.193542     281.3084      0.5489   10.0388     1.96841 -9.84345  0.09616
LSL 2469216.193062     281.3083      0.5488   10.0389     1.96841 -9.84357  0.09616
             -0.00        -0.00       -0.01     +0.00       +0.00    +0.00    +0.00

SSL 2469328.268750     284.6890      0.4050   10.0325     2.54391 -9.70439  0.07092
LSL 2469328.268265     284.6889      0.4050   10.0326     2.54391 -9.70449  0.07091
             -0.00        -0.00       -0.01     +0.00       +0.00    +0.00    -0.01

SSL 2469440.343958     288.0741      0.2596   10.0244     3.10999 -9.52963  0.04542
LSL 2469440.343468     288.0739      0.2595   10.0244     3.10999 -9.52972  0.04540
             -0.00        -0.00       -0.04     +0.00       +0.00    +0.00    -0.04

SSL 2469552.419167     291.4649      0.1130   10.0143     3.66455 -9.31975  0.01974
LSL 2469552.418671     291.4648      0.1129   10.0144     3.66456 -9.31982  0.01973
             -0.00        -0.00       -0.11     +0.00       +0.00    +0.00    -0.05

SSL 2469664.494375     294.8629     -0.0344   10.0025     4.20553 -9.07542 -0.00600
LSL 2469664.493874     294.8628     -0.0345   10.0025     4.20552 -9.07546 -0.00602
             -0.00        -0.00       +0.27     +0.00       -0.00    +0.00    +0.33

SSL 2469776.569583     298.2694     -0.1819    9.9888     4.73087 -8.79742 -0.03172
LSL 2469776.569077     298.2693     -0.1821    9.9888     4.73086 -8.79744 -0.03174
             -0.00        -0.00       +0.10     +0.00       -0.00    +0.00    +0.06

SSL 2469888.644792     301.6859     -0.3293    9.9734     5.23858 -8.48664 -0.05732
LSL 2469888.644280     301.6859     -0.3295    9.9734     5.23857 -8.48664 -0.05736
             -0.00        +0.00       +0.06     +0.00       -0.00    +0.00    +0.07

SSL 2470000.720000     305.1137     -0.4760    9.9563     5.72667 -8.14408 -0.08271
LSL 2470000.719482     305.1137     -0.4762    9.9563     5.72665 -8.14407 -0.08276
             -0.00        +0.00       +0.05     -0.00       -0.00    -0.00    +0.06

