2459241.500000      39.6516     -0.4371   19.7688    15.22031 12.61446 -0.15082
2459561.171875      43.2035     -0.3970   19.7255    14.37808 13.50355 -0.13668
2459880.843750      46.7744     -0.3551   19.6795    13.47769 14.33946 -0.12197
2460200.515625      50.3649     -0.3116   19.6308    12.52224 15.11791 -0.10676
2460520.187500      53.9747     -0.2665   19.5794    11.51535 15.83479 -0.09108
2460839.859375      57.6035     -0.2201   19.5254    10.46113 16.48635 -0.07502
2461159.531250      61.2513     -0.1726   19.4692     9.36402 17.06930 -0.05864
2461479.203125      64.9182     -0.1240   19.4113     8.22866 17.58081 -0.04202
2461798.875000      68.6044     -0.0747   19.3521     7.05976 18.01844 -0.02523
2462118.546875      72.3107     -0.0248   19.2923     5.86206 18.38008 -0.00836
2462438.218750      76.0377      0.0254   19.2321     4.64039 18.66387  0.00853
2462757.890625      79.7863      0.0758   19.1721     3.39958 18.86822  0.02536
2463077.562500      83.5575      0.1261   19.1125     2.14454 18.99176  0.04208
2463397.234375      87.3522      0.1762   19.0538     0.88020 19.03334  0.05861
2463716.906250      91.1717      0.2259   18.9961    -0.38843 18.99194  0.07489
2464036.578125      95.0167      0.2749   18.9395    -1.65616 18.86669  0.09086
2464356.250000      98.8878      0.3229   18.8839    -2.91752 18.65689  0.10644
2464675.921875     102.7848      0.3699   18.8294    -4.16666 18.36218  0.12156
2464995.593750     106.7069      0.4155   18.7757    -5.39742 17.98270  0.13614
2465315.265625     110.6528      0.4594   18.7231    -6.60348 17.51926  0.15011
2465634.937500     114.6209      0.5014   18.6716    -7.77850 16.97339  0.16338
2465954.609375     118.6096      0.5411   18.6216    -8.91634 16.34723  0.17587
2466274.281250     122.6173      0.5785   18.5736    -10.01111 15.64352  0.18752
2466593.953125     126.6427      0.6131   18.5279    -11.05726 14.86544  0.19825
2466913.625000     130.6844      0.6447   18.4851    -12.04952 14.01659  0.20800
2467233.296875     134.7409      0.6733   18.4456    -12.98298 13.10093  0.21674
2467552.968750     138.8111      0.6985   18.4098    -13.85311 12.12275  0.22442
2467872.640625     142.8939      0.7202   18.3782    -14.65578 11.08654  0.23100
2468192.312500     146.9886      0.7383   18.3510    -15.38719  9.99693  0.23646
2468511.984375     151.0946      0.7527   18.3286    -16.04381  8.85865  0.24077
2468831.656250     155.2113      0.7633   18.3109    -16.62225  7.67660  0.24392
2469151.328125     159.3376      0.7700   18.2978    -17.11922  6.45597  0.24589
2469471.000000     163.4722      0.7727   18.2889    -17.53165  5.20237  0.24665
2469790.671875     167.6128      0.7715   18.2841    -17.85683  3.92189  0.24619
2470110.343750     171.7570      0.7662   18.2831    -18.09259  2.62104  0.24450
2470430.015625     175.9021      0.7570   18.2858    -18.23742  1.30660  0.24158
2470749.687500     180.0454      0.7437   18.2920    -18.29050 -0.01450  0.23744
2471069.359375     184.1844      0.7266   18.3019    -18.25167 -1.33531  0.23210
2471389.031250     188.3164      0.7058   18.3154    -18.12144 -2.64894  0.22560
2471708.703125     192.4392      0.6812   18.3326    -17.90095 -3.94860  0.21797
2472028.375000     196.5503      0.6533   18.3535    -17.59198 -5.22777  0.20926
2472348.046875     200.6478      0.6221   18.3784    -17.19686 -6.48026  0.19953
2472667.718750     204.7304      0.5878   18.4074    -16.71834 -7.70032  0.18885
2472987.390625     208.7971      0.5508   18.4407    -16.15942 -8.88265  0.17727
2473307.062500     212.8476      0.5112   18.4782    -15.52324 -10.02231  0.16485
2473626.734375     216.8818      0.4692   18.5197    -14.81300 -11.11454  0.15166
2473946.406250     220.8993      0.4252   18.5649    -14.03211 -12.15468  0.13776
2474266.078125     224.8997      0.3793   18.6132    -13.18424 -13.13815  0.12321
2474585.750000     228.8821      0.3318   18.6640    -12.27347 -14.06047  0.10807
2474905.421875     232.8455      0.2829   18.7170    -11.30430 -14.91745  0.09241
2475225.093750     236.7888      0.2329   18.7716    -10.28162 -15.70524  0.07630
2475544.765625     240.7108      0.1820   18.8273    -9.21063 -16.42040  0.05982
2475864.437500     244.6106      0.1306   18.8839    -8.09681 -17.05996  0.04304
2476184.109375     248.4869      0.0788   18.9410    -6.94590 -17.62141  0.02606
2476503.781250     252.3388      0.0270   18.9983    -5.76383 -18.10284  0.00896
2476823.453125     256.1654     -0.0246   19.0558    -4.55662 -18.50295 -0.00818
2477143.125000     259.9659     -0.0757   19.1135    -3.33021 -18.82108 -0.02526
2477462.796875     263.7405     -0.1262   19.1715    -2.09028 -19.05712 -0.04221
2477782.468750     267.4899     -0.1757   19.2299    -0.84219 -19.21133 -0.05897
2478102.140625     271.2151     -0.2241   19.2887     0.40902 -19.28417 -0.07546
2478421.812500     274.9175     -0.2713   19.3476     1.65850 -19.27618 -0.09162
2478741.484375     278.5987     -0.3171   19.4064     2.90148 -19.18800 -0.10741
2479061.156250     282.2599     -0.3614   19.4647     4.13317 -19.02040 -0.12277
2479380.828125     285.9020     -0.4040   19.5219     5.34873 -18.77436 -0.13765
2479700.500000     289.5260     -0.4448   19.5776     6.54331 -18.45117 -0.15199
2480020.171875     293.1324     -0.4837   19.6314     7.71208 -18.05238 -0.16574
2480339.843750     296.7220     -0.5206   19.6828     8.85024 -17.57991 -0.17884
2480659.515625     300.2952     -0.5553   19.7313     9.95310 -17.03599 -0.19124
2480979.187500     303.8520     -0.5877   19.7767    11.01603 -16.42331 -0.20286
2481298.859375     307.3924     -0.6177   19.8188    12.03468 -15.74500 -0.21368
2481618.531250     310.9166     -0.6453   19.8575    13.00504 -15.00462 -0.22363
2481938.203125     314.4249     -0.6702   19.8930    13.92362 -14.20599 -0.23268
2482257.875000     317.9179     -0.6925   19.9256    14.78739 -13.35304 -0.24081
2482577.546875     321.3971     -0.7121   19.9555    15.59377 -12.44965 -0.24800
2482897.218750     324.8641     -0.7290   19.9829    16.34045 -11.49955 -0.25424
2483216.890625     328.3210     -0.7432   20.0078    17.02527 -10.50639 -0.25951
2483536.562500     331.7698     -0.7546   20.0302    17.64611 -9.47375 -0.26381
2483856.234375     335.2122     -0.7634   20.0498    18.20096 -8.40532 -0.26713
2484175.906250     338.6501     -0.7694   20.0666    18.68784 -7.30486 -0.26946
2484495.578125     342.0849     -0.7727   20.0803    19.10490 -6.17626 -0.27079
2484815.250000     345.5183     -0.7732   20.0905    19.45038 -5.02360 -0.27112
2485134.921875     348.9512     -0.7710   20.0969    19.72264 -3.85113 -0.27043
2485454.593750     352.3846     -0.7660   20.0993    19.92027 -2.66340 -0.26872
2485774.265625     355.8187     -0.7583   20.0974    20.04216 -1.46521 -0.26598
2486093.937500     359.2539     -0.7478   20.0911    20.08770 -0.26158 -0.26222
2486413.609375       2.6903     -0.7346   20.0806    20.05677  0.94246 -0.25746
2486733.281250       6.1283     -0.7187   20.0660    19.94979  2.14197 -0.25171
2487052.953125       9.5686     -0.7002   20.0479    19.76752  3.33230 -0.24500
2487372.625000      13.0127     -0.6792   20.0266    19.51098  4.50902 -0.23738
2487692.296875      16.4620     -0.6556   20.0025    19.18129  5.66794 -0.22888
2488011.968750      19.9185     -0.6297   19.9757    18.77961  6.80499 -0.21953
2488331.640625      23.3840     -0.6014   19.9465    18.30723  7.91617 -0.20937
2488651.312500      26.8603     -0.5709   19.9150    17.76550  8.99749 -0.19844
2488970.984375      30.3494     -0.5382   19.8812    17.15590 10.04495 -0.18676
2489290.656250      33.8530     -0.5034   19.8450    16.48003 11.05452 -0.17437
2489610.328125      37.3728     -0.4666   19.8064    15.73967 12.02206 -0.16130
2489930.000000      40.9100     -0.4278   19.7651    14.93687 12.94328 -0.14758
