2459241.500000     273.5320     -0.9744    0.7272     0.04479 -0.72567 -0.01237
2459243.840635     277.2364     -1.1826    0.7274     0.09160 -0.72140 -0.01501
2459246.181271     280.9396     -1.3858    0.7275     0.13802 -0.71410 -0.01760
2459248.521906     284.6416     -1.5832    0.7277     0.18387 -0.70378 -0.02010
2459250.862542     288.3429     -1.7739    0.7278     0.22894 -0.69051 -0.02253
2459253.203177     292.0436     -1.9571    0.7279     0.27305 -0.67433 -0.02486
2459255.543812     295.7440     -2.1321    0.7280     0.31601 -0.65532 -0.02709
2459257.884448     299.4443     -2.2982    0.7281     0.35764 -0.63356 -0.02920
2459260.225083     303.1447     -2.4546    0.7282     0.39777 -0.60914 -0.03119
2459262.565719     306.8454     -2.6009    0.7282     0.43623 -0.58216 -0.03305
2459264.906354     310.5467     -2.7363    0.7282     0.47286 -0.55274 -0.03477
2459267.246990     314.2487     -2.8603    0.7282     0.50751 -0.52100 -0.03634
2459269.587625     317.9515     -2.9723    0.7282     0.54003 -0.48707 -0.03776
2459271.928260     321.6554     -3.0720    0.7282     0.57028 -0.45110 -0.03902
2459274.268896     325.3605     -3.1589    0.7281     0.59813 -0.41323 -0.04012
2459276.609531     329.0670     -3.2327    0.7280     0.62348 -0.37363 -0.04105
2459278.950167     332.7748     -3.2929    0.7279     0.64621 -0.33246 -0.04181
2459281.290802     336.4842     -3.3394    0.7278     0.66622 -0.28990 -0.04239
2459283.631437     340.1953     -3.3719    0.7277     0.68343 -0.24611 -0.04280
2459285.972073     343.9081     -3.3904    0.7275     0.69776 -0.20129 -0.04302
2459288.312708     347.6227     -3.3946    0.7273     0.70916 -0.15562 -0.04307
2459290.653344     351.3392     -3.3846    0.7271     0.71757 -0.10930 -0.04293
2459292.993979     355.0577     -3.3604    0.7269     0.72296 -0.06252 -0.04261
2459295.334615     358.7781     -3.3221    0.7267     0.72530 -0.01547 -0.04211
2459297.675250       2.5006     -3.2697    0.7264     0.72457  0.03164 -0.04143
2459300.015885       6.2252     -3.2035    0.7262     0.72078  0.07862 -0.04058
2459302.356521       9.9519     -3.1238    0.7259     0.71394  0.12527 -0.03956
2459304.697156      13.6808     -3.0308    0.7256     0.70407  0.17138 -0.03837
2459307.037792      17.4119     -2.9249    0.7254     0.69122  0.21677 -0.03701
2459309.378427      21.1453     -2.8065    0.7251     0.67543  0.26124 -0.03550
2459311.719062      24.8810     -2.6762    0.7248     0.65677  0.30460 -0.03384
2459314.059698      28.6190     -2.5343    0.7245     0.63532  0.34666 -0.03203
2459316.400333      32.3594     -2.3816    0.7241     0.61115  0.38724 -0.03009
2459318.740969      36.1022     -2.2185    0.7238     0.58438  0.42617 -0.02802
2459321.081604      39.8474     -2.0459    0.7235     0.55511  0.46328 -0.02583
2459323.422240      43.5951     -1.8644    0.7232     0.52347  0.49841 -0.02353
2459325.762875      47.3454     -1.6747    0.7229     0.48958  0.53140 -0.02113
2459328.103510      51.0983     -1.4777    0.7225     0.45359  0.56211 -0.01863
2459330.444146      54.8537     -1.2742    0.7222     0.41566  0.59040 -0.01606
2459332.784781      58.6119     -1.0650    0.7219     0.37593  0.61616 -0.01342
2459335.125417      62.3727     -0.8511    0.7216     0.33459  0.63926 -0.01072
2459337.466052      66.1362     -0.6333    0.7213     0.29180  0.65960 -0.00797
2459339.806687      69.9025     -0.4126    0.7210     0.24775  0.67710 -0.00519
2459342.147323      73.6716     -0.1899    0.7207     0.20263  0.69167 -0.00239
2459344.487958      77.4434      0.0337    0.7205     0.15663  0.70324  0.00042
2459346.828594      81.2180      0.2574    0.7202     0.10996  0.71177  0.00324
2459349.169229      84.9953      0.4801    0.7200     0.06281  0.71720  0.00603
2459351.509865      88.7754      0.7008    0.7197     0.01538  0.71953  0.00880
2459353.850500      92.5581      0.9187    0.7195    -0.03211  0.71872  0.01154
2459356.191135      96.3434      1.1327    0.7193    -0.07946  0.71479  0.01422
2459358.531771     100.1313      1.3418    0.7192    -0.12647  0.70775  0.01684
2459360.872406     103.9216      1.5451    0.7190    -0.17292  0.69762  0.01939
2459363.213042     107.7142      1.7418    0.7189    -0.21862  0.68445  0.02185
2459365.553677     111.5090      1.9310    0.7187    -0.26337  0.66830  0.02422
2459367.894312     115.3059      2.1117    0.7186    -0.30697  0.64923  0.02648
2459370.234948     119.1045      2.2832    0.7185    -0.34923  0.62732  0.02863
2459372.575583     122.9048      2.4447    0.7185    -0.38996  0.60267  0.03065
2459374.916219     126.7065      2.5955    0.7184    -0.42899  0.57539  0.03253
2459377.256854     130.5095      2.7348    0.7184    -0.46614  0.54559  0.03428
2459379.597490     134.3133      2.8622    0.7184    -0.50125  0.51341  0.03587
2459381.938125     138.1178      2.9770    0.7184    -0.53418  0.47899  0.03731
2459384.278760     141.9227      3.0786    0.7185    -0.56477  0.44247  0.03859
2459386.619396     145.7277      3.1667    0.7186    -0.59289  0.40402  0.03969
2459388.960031     149.5325      3.2409    0.7186    -0.61842  0.36381  0.04063
2459391.300667     153.3368      3.3008    0.7188    -0.64125  0.32200  0.04138
2459393.641302     157.1402      3.3461    0.7189    -0.66129  0.27879  0.04196
2459395.981937     160.9425      3.3767    0.7190    -0.67843  0.23436  0.04235
2459398.322573     164.7434      3.3925    0.7192    -0.69262  0.18892  0.04256
2459400.663208     168.5424      3.3935    0.7194    -0.70380  0.14265  0.04258
2459403.003844     172.3395      3.3795    0.7196    -0.71191  0.09575  0.04242
2459405.344479     176.1341      3.3508    0.7198    -0.71692  0.04845  0.04207
2459407.685115     179.9261      3.3074    0.7200    -0.71881  0.00093  0.04154
2459410.025750     183.7153      3.2497    0.7203    -0.71759 -0.04660  0.04083
2459412.366385     187.5013      3.1778    0.7205    -0.71325 -0.09392  0.03994
2459414.707021     191.2839      3.0922    0.7208    -0.70583 -0.14083  0.03888
2459417.047656     195.0630      2.9932    0.7211    -0.69534 -0.18714  0.03765
2459419.388292     198.8384      2.8812    0.7214    -0.68186 -0.23263  0.03626
2459421.728927     202.6099      2.7570    0.7217    -0.66542 -0.27712  0.03471
2459424.069562     206.3774      2.6209    0.7220    -0.64612 -0.32042  0.03301
2459426.410198     210.1408      2.4736    0.7223    -0.62404 -0.36234  0.03117
2459428.750833     213.9001      2.3158    0.7226    -0.59927 -0.40269  0.02920
2459431.091469     217.6553      2.1483    0.7229    -0.57193 -0.44132  0.02710
2459433.432104     221.4063      1.9716    0.7232    -0.54213 -0.47806  0.02488
2459435.772740     225.1531      1.7867    0.7236    -0.51001 -0.51275  0.02256
2459438.113375     228.8958      1.5944    0.7239    -0.47571 -0.54524  0.02014
2459440.454010     232.6346      1.3954    0.7242    -0.43938 -0.57540  0.01764
2459442.794646     236.3694      1.1907    0.7245    -0.40117 -0.60311  0.01506
2459445.135281     240.1004      0.9811    0.7248    -0.36125 -0.62825  0.01241
2459447.475917     243.8279      0.7675    0.7251    -0.31980 -0.65071  0.00971
2459449.816552     247.5519      0.5509    0.7254    -0.27698 -0.67041  0.00697
2459452.157187     251.2727      0.3321    0.7257    -0.23299 -0.68726  0.00421
2459454.497823     254.9904      0.1120    0.7260    -0.18801 -0.70120  0.00142
2459456.838458     258.7053     -0.1083    0.7262    -0.14224 -0.71217 -0.00137
2459459.179094     262.4176     -0.3280    0.7265    -0.09586 -0.72012 -0.00416
2459461.519729     266.1276     -0.5462    0.7267    -0.04908 -0.72503 -0.00693
2459463.860365     269.8355     -0.7620    0.7269    -0.00209 -0.72688 -0.00967
2459466.201000     273.5416     -0.9744    0.7272     0.04491 -0.72566 -0.01237
