         JD                L           B          R           X        Y       Z
SSL 2459241.500000     273.5320     -0.9744    0.7272     0.04479 -0.72567 -0.01237
LSL 2459241.500000     273.5305     -0.9743    0.7272     0.04477 -0.72567 -0.01236
             +0.00        -0.00       -0.01     -0.01       -0.04    +0.00    -0.08

SSL 2459243.840635     277.2364     -1.1826    0.7274     0.09160 -0.72140 -0.01501
LSL 2459243.840636     277.2356     -1.1826    0.7274     0.09159 -0.72141 -0.01501
             +0.00        -0.00       +0.00     -0.01       -0.01    +0.00    +0.00

SSL 2459246.181271     280.9396     -1.3858    0.7275     0.13802 -0.71410 -0.01760
LSL 2459246.181271     280.9398     -1.3858    0.7275     0.13803 -0.71409 -0.01759
             +0.00        +0.00       +0.00     +0.00       +0.01    -0.00    -0.06

SSL 2459248.521906     284.6416     -1.5832    0.7277     0.18387 -0.70378 -0.02010
LSL 2459248.521907     284.6423     -1.5832    0.7277     0.18388 -0.70378 -0.02010
             +0.00        +0.00       -0.00     -0.00       +0.01    +0.00    +0.00

SSL 2459250.862542     288.3429     -1.7739    0.7278     0.22894 -0.69051 -0.02253
LSL 2459250.862542     288.3431     -1.7739    0.7278     0.22894 -0.69051 -0.02253
             +0.00        +0.00       -0.00     +0.00       +0.00    +0.00    +0.00

SSL 2459253.203177     292.0436     -1.9571    0.7279     0.27305 -0.67433 -0.02486
LSL 2459253.203178     292.0430     -1.9571    0.7279     0.27304 -0.67434 -0.02486
             +0.00        -0.00       -0.00     +0.01       -0.00    +0.00    +0.00

SSL 2459255.543812     295.7440     -2.1321    0.7280     0.31601 -0.65532 -0.02709
LSL 2459255.543813     295.7437     -2.1321    0.7280     0.31600 -0.65532 -0.02709
             +0.00        -0.00       -0.00     +0.01       -0.00    +0.00    +0.00

SSL 2459257.884448     299.4443     -2.2982    0.7281     0.35764 -0.63356 -0.02920
LSL 2459257.884449     299.4436     -2.2981    0.7281     0.35763 -0.63357 -0.02920
             +0.00        -0.00       -0.00     +0.00       -0.00    +0.00    +0.00

SSL 2459260.225083     303.1447     -2.4546    0.7282     0.39777 -0.60914 -0.03119
LSL 2459260.225084     303.1444     -2.4547    0.7282     0.39777 -0.60914 -0.03119
             +0.00        -0.00       +0.00     -0.00       +0.00    +0.00    +0.00

SSL 2459262.565719     306.8454     -2.6009    0.7282     0.43623 -0.58216 -0.03305
LSL 2459262.565720     306.8443     -2.6009    0.7282     0.43622 -0.58217 -0.03305
             +0.00        -0.00       -0.00     +0.00       -0.00    +0.00    +0.00

SSL 2459264.906354     310.5467     -2.7363    0.7282     0.47286 -0.55274 -0.03477
LSL 2459264.906355     310.5468     -2.7363    0.7282     0.47286 -0.55274 -0.03477
             +0.00        +0.00       -0.00     +0.01       +0.00    +0.00    +0.00

SSL 2459267.246990     314.2487     -2.8603    0.7282     0.50751 -0.52100 -0.03634
LSL 2459267.246991     314.2475     -2.8603    0.7282     0.50750 -0.52101 -0.03634
             +0.00        -0.00       -0.00     +0.00       -0.00    +0.00    +0.00

SSL 2459269.587625     317.9515     -2.9723    0.7282     0.54003 -0.48707 -0.03776
LSL 2459269.587627     317.9510     -2.9724    0.7282     0.54002 -0.48708 -0.03776
             +0.00        -0.00       +0.00     +0.00       -0.00    +0.00    +0.00

SSL 2459271.928260     321.6554     -3.0720    0.7282     0.57028 -0.45110 -0.03902
LSL 2459271.928262     321.6543     -3.0720    0.7282     0.57027 -0.45111 -0.03902
             +0.00        -0.00       +0.00     -0.00       -0.00    +0.00    +0.00

SSL 2459274.268896     325.3605     -3.1589    0.7281     0.59813 -0.41323 -0.04012
LSL 2459274.268898     325.3595     -3.1589    0.7281     0.59813 -0.41324 -0.04012
             +0.00        -0.00       +0.00     +0.00       +0.00    +0.00    +0.00

SSL 2459276.609531     329.0670     -3.2327    0.7280     0.62348 -0.37363 -0.04105
LSL 2459276.609533     329.0663     -3.2327    0.7280     0.62348 -0.37364 -0.04105
             +0.00        -0.00       -0.00     +0.00       +0.00    +0.00    +0.00

SSL 2459278.950167     332.7748     -3.2929    0.7279     0.64621 -0.33246 -0.04181
LSL 2459278.950169     332.7732     -3.2929    0.7279     0.64620 -0.33248 -0.04181
             +0.00        -0.00       +0.00     +0.00       -0.00    +0.01    +0.00

SSL 2459281.290802     336.4842     -3.3394    0.7278     0.66622 -0.28990 -0.04239
LSL 2459281.290804     336.4836     -3.3394    0.7278     0.66622 -0.28991 -0.04239
             +0.00        -0.00       +0.00     -0.00       +0.00    +0.00    +0.00

SSL 2459283.631437     340.1953     -3.3719    0.7277     0.68343 -0.24611 -0.04280
LSL 2459283.631440     340.1940     -3.3720    0.7277     0.68342 -0.24613 -0.04280
             +0.00        -0.00       +0.00     -0.01       -0.00    +0.01    +0.00

SSL 2459285.972073     343.9081     -3.3904    0.7275     0.69776 -0.20129 -0.04302
LSL 2459285.972075     343.9087     -3.3904    0.7275     0.69777 -0.20129 -0.04302
             +0.00        +0.00       +0.00     -0.00       +0.00    +0.00    +0.00

SSL 2459288.312708     347.6227     -3.3946    0.7273     0.70916 -0.15562 -0.04307
LSL 2459288.312711     347.6226     -3.3947    0.7273     0.70916 -0.15563 -0.04307
             +0.00        -0.00       +0.00     +0.00       +0.00    +0.01    +0.00

SSL 2459290.653344     351.3392     -3.3846    0.7271     0.71757 -0.10930 -0.04293
LSL 2459290.653346     351.3382     -3.3846    0.7271     0.71757 -0.10931 -0.04293
             +0.00        -0.00       +0.00     +0.00       +0.00    +0.01    +0.00

SSL 2459292.993979     355.0577     -3.3604    0.7269     0.72296 -0.06252 -0.04261
LSL 2459292.993982     355.0573     -3.3605    0.7269     0.72296 -0.06252 -0.04261
             +0.00        -0.00       +0.00     +0.00       +0.00    +0.00    +0.00

SSL 2459295.334615     358.7781     -3.3221    0.7267     0.72530 -0.01547 -0.04211
LSL 2459295.334617     358.7773     -3.3221    0.7267     0.72530 -0.01548 -0.04211
             +0.00        -0.00       -0.00     -0.00       +0.00    +0.06    +0.00

SSL 2459297.675250       2.5006     -3.2697    0.7264     0.72457  0.03164 -0.04143
LSL 2459297.675253       2.5008     -3.2697    0.7264     0.72457  0.03165 -0.04143
             +0.00        +0.01       -0.00     +0.01       +0.00    +0.03    +0.00

SSL 2459300.015885       6.2252     -3.2035    0.7262     0.72078  0.07862 -0.04058
LSL 2459300.015888       6.2243     -3.2036    0.7262     0.72078  0.07861 -0.04058
             +0.00        -0.01       +0.00     -0.00       +0.00    -0.01    +0.00

SSL 2459302.356521       9.9519     -3.1238    0.7259     0.71394  0.12527 -0.03956
LSL 2459302.356524       9.9522     -3.1238    0.7259     0.71394  0.12527 -0.03956
             +0.00        +0.00       +0.00     +0.00       +0.00    +0.00    +0.00

SSL 2459304.697156      13.6808     -3.0308    0.7256     0.70407  0.17138 -0.03837
LSL 2459304.697160      13.6800     -3.0308    0.7256     0.70407  0.17137 -0.03837
             +0.00        -0.01       +0.00     +0.01       +0.00    -0.01    +0.00

SSL 2459307.037792      17.4119     -2.9249    0.7254     0.69122  0.21677 -0.03701
LSL 2459307.037795      17.4122     -2.9249    0.7254     0.69122  0.21678 -0.03701
             +0.00        +0.00       -0.00     -0.01       +0.00    +0.00    +0.00

SSL 2459309.378427      21.1453     -2.8065    0.7251     0.67543  0.26124 -0.03550
LSL 2459309.378431      21.1445     -2.8065    0.7251     0.67544  0.26123 -0.03550
             +0.00        -0.00       +0.00     -0.01       +0.00    -0.00    +0.00

SSL 2459311.719062      24.8810     -2.6762    0.7248     0.65677  0.30460 -0.03384
LSL 2459311.719066      24.8802     -2.6762    0.7248     0.65678  0.30459 -0.03384
             +0.00        -0.00       -0.00     -0.01       +0.00    -0.00    +0.00

SSL 2459314.059698      28.6190     -2.5343    0.7245     0.63532  0.34666 -0.03203
LSL 2459314.059702      28.6186     -2.5343    0.7245     0.63532  0.34665 -0.03203
             +0.00        -0.00       +0.00     -0.01       +0.00    -0.00    +0.00

SSL 2459316.400333      32.3594     -2.3816    0.7241     0.61115  0.38724 -0.03009
LSL 2459316.400337      32.3586     -2.3816    0.7241     0.61116  0.38724 -0.03009
             +0.00        -0.00       +0.00     +0.00       +0.00    +0.00    +0.00

SSL 2459318.740969      36.1022     -2.2185    0.7238     0.58438  0.42617 -0.02802
LSL 2459318.740973      36.1023     -2.2186    0.7238     0.58438  0.42617 -0.02802
             +0.00        +0.00       +0.00     +0.00       +0.00    +0.00    +0.00

SSL 2459321.081604      39.8474     -2.0459    0.7235     0.55511  0.46328 -0.02583
LSL 2459321.081608      39.8468     -2.0460    0.7235     0.55512  0.46328 -0.02583
             +0.00        -0.00       +0.00     -0.00       +0.00    +0.00    +0.00

SSL 2459323.422240      43.5951     -1.8644    0.7232     0.52347  0.49841 -0.02353
LSL 2459323.422244      43.5956     -1.8644    0.7232     0.52347  0.49841 -0.02353
             +0.00        +0.00       +0.00     -0.00       +0.00    +0.00    +0.00

SSL 2459325.762875      47.3454     -1.6747    0.7229     0.48958  0.53140 -0.02113
LSL 2459325.762879      47.3453     -1.6748    0.7229     0.48958  0.53140 -0.02113
             +0.00        -0.00       +0.00     -0.01       +0.00    +0.00    +0.00

SSL 2459328.103510      51.0983     -1.4777    0.7225     0.45359  0.56211 -0.01863
LSL 2459328.103515      51.0976     -1.4778    0.7225     0.45360  0.56210 -0.01863
             +0.00        -0.00       +0.00     +0.01       +0.00    -0.00    +0.00

SSL 2459330.444146      54.8537     -1.2742    0.7222     0.41566  0.59040 -0.01606
LSL 2459330.444150      54.8535     -1.2742    0.7222     0.41566  0.59040 -0.01606
             +0.00        -0.00       +0.00     +0.00       +0.00    +0.00    +0.00

SSL 2459332.784781      58.6119     -1.0650    0.7219     0.37593  0.61616 -0.01342
LSL 2459332.784786      58.6111     -1.0650    0.7219     0.37594  0.61615 -0.01342
             +0.00        -0.00       +0.00     +0.00       +0.00    -0.00    +0.00

SSL 2459335.125417      62.3727     -0.8511    0.7216     0.33459  0.63926 -0.01072
LSL 2459335.125422      62.3730     -0.8511    0.7216     0.33458  0.63926 -0.01072
             +0.00        +0.00       -0.00     +0.00       -0.00    +0.00    +0.00

SSL 2459337.466052      66.1362     -0.6333    0.7213     0.29180  0.65960 -0.00797
LSL 2459337.466057      66.1359     -0.6333    0.7213     0.29180  0.65960 -0.00797
             +0.00        -0.00       +0.01     +0.00       +0.00    +0.00    +0.00

SSL 2459339.806687      69.9025     -0.4126    0.7210     0.24775  0.67710 -0.00519
LSL 2459339.806693      69.9031     -0.4126    0.7210     0.24774  0.67710 -0.00519
             +0.00        +0.00       -0.00     +0.00       -0.00    +0.00    +0.00

SSL 2459342.147323      73.6716     -0.1899    0.7207     0.20263  0.69167 -0.00239
LSL 2459342.147328      73.6711     -0.1900    0.7207     0.20264  0.69167 -0.00239
             +0.00        -0.00       +0.05     +0.01       +0.00    +0.00    +0.00

SSL 2459344.487958      77.4434      0.0337    0.7205     0.15663  0.70324  0.00042
LSL 2459344.487964      77.4428      0.0337    0.7205     0.15664  0.70324  0.00042
             +0.00        -0.00       -0.03     -0.00       +0.01    +0.00    +0.00

SSL 2459346.828594      81.2180      0.2574    0.7202     0.10996  0.71177  0.00324
LSL 2459346.828599      81.2178      0.2574    0.7202     0.10996  0.71177  0.00324
             +0.00        -0.00       -0.01     +0.00       +0.00    +0.00    +0.00

SSL 2459349.169229      84.9953      0.4801    0.7200     0.06281  0.71720  0.00603
LSL 2459349.169235      84.9946      0.4801    0.7200     0.06282  0.71720  0.00603
             +0.00        -0.00       -0.00     -0.00       +0.02    +0.00    +0.00

SSL 2459351.509865      88.7754      0.7008    0.7197     0.01538  0.71953  0.00880
LSL 2459351.509870      88.7758      0.7008    0.7197     0.01538  0.71953  0.00880
             +0.00        +0.00       +0.01     +0.01       +0.00    +0.00    +0.00

SSL 2459353.850500      92.5581      0.9187    0.7195    -0.03211  0.71872  0.01154
LSL 2459353.850506      92.5579      0.9187    0.7195    -0.03211  0.71872  0.01154
             +0.00        -0.00       -0.00     +0.00       +0.00    +0.00    +0.00

SSL 2459356.191135      96.3434      1.1327    0.7193    -0.07946  0.71479  0.01422
LSL 2459356.191141      96.3443      1.1327    0.7193    -0.07947  0.71479  0.01422
             +0.00        +0.00       -0.00     +0.01       +0.01    +0.00    +0.00

SSL 2459358.531771     100.1313      1.3418    0.7192    -0.12647  0.70775  0.01684
LSL 2459358.531777     100.1299      1.3418    0.7192    -0.12645  0.70775  0.01684
             +0.00        -0.00       -0.00     -0.01       -0.02    +0.00    +0.00

SSL 2459360.872406     103.9216      1.5451    0.7190    -0.17292  0.69762  0.01939
LSL 2459360.872412     103.9216      1.5452    0.7190    -0.17292  0.69762  0.01939
             +0.00        +0.00       +0.00     -0.00       +0.00    +0.00    +0.00

SSL 2459363.213042     107.7142      1.7418    0.7189    -0.21862  0.68445  0.02185
LSL 2459363.213048     107.7133      1.7418    0.7189    -0.21861  0.68446  0.02185
             +0.00        -0.00       -0.00     -0.01       -0.00    +0.00    +0.00

SSL 2459365.553677     111.5090      1.9310    0.7187    -0.26337  0.66830  0.02422
LSL 2459365.553684     111.5076      1.9309    0.7187    -0.26335  0.66831  0.02422
             +0.00        -0.00       -0.00     +0.00       -0.01    +0.00    +0.00

SSL 2459367.894312     115.3059      2.1117    0.7186    -0.30697  0.64923  0.02648
LSL 2459367.894319     115.3054      2.1117    0.7186    -0.30696  0.64923  0.02648
             +0.00        -0.00       -0.00     +0.00       -0.00    +0.00    +0.00

SSL 2459370.234948     119.1045      2.2832    0.7185    -0.34923  0.62732  0.02863
LSL 2459370.234955     119.1032      2.2832    0.7185    -0.34921  0.62733  0.02863
             +0.00        -0.00       -0.00     +0.01       -0.01    +0.00    +0.00

SSL 2459372.575583     122.9048      2.4447    0.7185    -0.38996  0.60267  0.03065
LSL 2459372.575590     122.9045      2.4447    0.7185    -0.38995  0.60267  0.03065
             +0.00        -0.00       -0.00     -0.00       -0.00    +0.00    +0.00

SSL 2459374.916219     126.7065      2.5955    0.7184    -0.42899  0.57539  0.03253
LSL 2459374.916226     126.7058      2.5954    0.7184    -0.42898  0.57540  0.03253
             +0.00        -0.00       -0.00     +0.01       -0.00    +0.00    +0.00

SSL 2459377.256854     130.5095      2.7348    0.7184    -0.46614  0.54559  0.03428
LSL 2459377.256861     130.5097      2.7348    0.7184    -0.46614  0.54559  0.03428
             +0.00        +0.00       +0.00     +0.00       +0.00    +0.00    +0.00

SSL 2459379.597490     134.3133      2.8622    0.7184    -0.50125  0.51341  0.03587
LSL 2459379.597497     134.3128      2.8622    0.7184    -0.50125  0.51342  0.03587
             +0.00        -0.00       +0.00     +0.00       +0.00    +0.00    +0.00

SSL 2459381.938125     138.1178      2.9770    0.7184    -0.53418  0.47899  0.03731
LSL 2459381.938132     138.1167      2.9770    0.7184    -0.53417  0.47900  0.03731
             +0.00        -0.00       -0.00     +0.01       -0.00    +0.00    +0.00

SSL 2459384.278760     141.9227      3.0786    0.7185    -0.56477  0.44247  0.03859
LSL 2459384.278768     141.9223      3.0786    0.7185    -0.56476  0.44248  0.03859
             +0.00        -0.00       +0.00     -0.00       -0.00    +0.00    +0.00

SSL 2459386.619396     145.7277      3.1667    0.7186    -0.59289  0.40402  0.03969
LSL 2459386.619403     145.7271      3.1667    0.7186    -0.59288  0.40403  0.03969
             +0.00        -0.00       +0.00     -0.01       -0.00    +0.00    +0.00

SSL 2459388.960031     149.5325      3.2409    0.7186    -0.61842  0.36381  0.04063
LSL 2459388.960039     149.5328      3.2409    0.7186    -0.61842  0.36380  0.04063
             +0.00        +0.00       -0.00     +0.01       +0.00    -0.00    +0.00

SSL 2459391.300667     153.3368      3.3008    0.7188    -0.64125  0.32200  0.04138
LSL 2459391.300674     153.3367      3.3008    0.7188    -0.64125  0.32200  0.04138
             +0.00        -0.00       -0.00     -0.01       +0.00    +0.00    +0.00

SSL 2459393.641302     157.1402      3.3461    0.7189    -0.66129  0.27879  0.04196
LSL 2459393.641310     157.1407      3.3461    0.7189    -0.66129  0.27879  0.04196
             +0.00        +0.00       +0.00     -0.00       +0.00    +0.00    +0.00

SSL 2459395.981937     160.9425      3.3767    0.7190    -0.67843  0.23436  0.04235
LSL 2459395.981946     160.9428      3.3768    0.7190    -0.67843  0.23436  0.04235
             +0.00        +0.00       +0.00     +0.00       +0.00    +0.00    +0.00

SSL 2459398.322573     164.7434      3.3925    0.7192    -0.69262  0.18892  0.04256
LSL 2459398.322581     164.7415      3.3925    0.7192    -0.69262  0.18894  0.04256
             +0.00        -0.00       +0.00     -0.00       +0.00    +0.01    +0.00

SSL 2459400.663208     168.5424      3.3935    0.7194    -0.70380  0.14265  0.04258
LSL 2459400.663217     168.5411      3.3935    0.7194    -0.70379  0.14266  0.04258
             +0.00        -0.00       -0.00     -0.00       -0.00    +0.01    +0.00

SSL 2459403.003844     172.3395      3.3795    0.7196    -0.71191  0.09575  0.04242
LSL 2459403.003852     172.3380      3.3795    0.7196    -0.71190  0.09577  0.04242
             +0.00        -0.00       +0.00     -0.00       -0.00    +0.02    +0.00

SSL 2459405.344479     176.1341      3.3508    0.7198    -0.71692  0.04845  0.04207
LSL 2459405.344488     176.1332      3.3508    0.7198    -0.71692  0.04846  0.04207
             +0.00        -0.00       +0.00     -0.00       +0.00    +0.02    +0.00

SSL 2459407.685115     179.9261      3.3074    0.7200    -0.71881  0.00093  0.04154
LSL 2459407.685123     179.9249      3.3075    0.7200    -0.71881  0.00094  0.04154
             +0.00        -0.00       +0.00     +0.00       +0.00    +1.08    +0.00

SSL 2459410.025750     183.7153      3.2497    0.7203    -0.71759 -0.04660  0.04083
LSL 2459410.025759     183.7148      3.2497    0.7203    -0.71759 -0.04659  0.04083
             +0.00        -0.00       +0.00     -0.01       +0.00    -0.02    +0.00

SSL 2459412.366385     187.5013      3.1778    0.7205    -0.71325 -0.09392  0.03994
LSL 2459412.366394     187.5004      3.1779    0.7205    -0.71325 -0.09391  0.03994
             +0.00        -0.00       +0.00     +0.00       +0.00    -0.01    +0.00

SSL 2459414.707021     191.2839      3.0922    0.7208    -0.70583 -0.14083  0.03888
LSL 2459414.707030     191.2833      3.0922    0.7208    -0.70583 -0.14082  0.03888
             +0.00        -0.00       -0.00     -0.00       +0.00    -0.01    +0.00

SSL 2459417.047656     195.0630      2.9932    0.7211    -0.69534 -0.18714  0.03765
LSL 2459417.047665     195.0619      2.9932    0.7211    -0.69535 -0.18712  0.03765
             +0.00        -0.00       -0.00     -0.00       +0.00    -0.01    +0.00

SSL 2459419.388292     198.8384      2.8812    0.7214    -0.68186 -0.23263  0.03626
LSL 2459419.388301     198.8369      2.8813    0.7214    -0.68186 -0.23261  0.03626
             +0.00        -0.00       +0.00     -0.01       +0.00    -0.01    +0.00

SSL 2459421.728927     202.6099      2.7570    0.7217    -0.66542 -0.27712  0.03471
LSL 2459421.728936     202.6094      2.7570    0.7217    -0.66543 -0.27712  0.03471
             +0.00        -0.00       +0.00     -0.01       +0.00    +0.00    +0.00

SSL 2459424.069562     206.3774      2.6209    0.7220    -0.64612 -0.32042  0.03301
LSL 2459424.069572     206.3766      2.6209    0.7220    -0.64613 -0.32041  0.03301
             +0.00        -0.00       +0.00     -0.00       +0.00    -0.00    +0.00

SSL 2459426.410198     210.1408      2.4736    0.7223    -0.62404 -0.36234  0.03117
LSL 2459426.410208     210.1403      2.4736    0.7223    -0.62404 -0.36233  0.03117
             +0.00        -0.00       +0.00     -0.00       +0.00    -0.00    +0.00

SSL 2459428.750833     213.9001      2.3158    0.7226    -0.59927 -0.40269  0.02920
LSL 2459428.750843     213.8996      2.3159    0.7226    -0.59927 -0.40269  0.02920
             +0.00        -0.00       +0.00     -0.00       +0.00    +0.00    +0.00

SSL 2459431.091469     217.6553      2.1483    0.7229    -0.57193 -0.44132  0.02710
LSL 2459431.091479     217.6555      2.1482    0.7229    -0.57193 -0.44132  0.02710
             +0.00        +0.00       -0.00     +0.00       +0.00    +0.00    +0.00

SSL 2459433.432104     221.4063      1.9716    0.7232    -0.54213 -0.47806  0.02488
LSL 2459433.432114     221.4061      1.9717    0.7232    -0.54213 -0.47806  0.02488
             +0.00        -0.00       +0.00     +0.00       +0.00    +0.00    +0.00

SSL 2459435.772740     225.1531      1.7867    0.7236    -0.51001 -0.51275  0.02256
LSL 2459435.772750     225.1523      1.7868    0.7236    -0.51002 -0.51274  0.02256
             +0.00        -0.00       +0.00     -0.01       +0.00    -0.00    +0.00

SSL 2459438.113375     228.8958      1.5944    0.7239    -0.47571 -0.54524  0.02014
LSL 2459438.113385     228.8959      1.5944    0.7239    -0.47571 -0.54524  0.02014
             +0.00        +0.00       -0.00     -0.00       +0.00    +0.00    +0.00

SSL 2459440.454010     232.6346      1.3954    0.7242    -0.43938 -0.57540  0.01764
LSL 2459440.454021     232.6333      1.3955    0.7242    -0.43939 -0.57539  0.01764
             +0.00        -0.00       +0.01     -0.00       +0.00    -0.00    +0.00

SSL 2459442.794646     236.3694      1.1907    0.7245    -0.40117 -0.60311  0.01506
LSL 2459442.794656     236.3691      1.1907    0.7245    -0.40117 -0.60311  0.01505
             +0.00        -0.00       -0.00     +0.00       +0.00    +0.00    -0.07

SSL 2459445.135281     240.1004      0.9811    0.7248    -0.36125 -0.62825  0.01241
LSL 2459445.135292     240.0996      0.9811    0.7248    -0.36126 -0.62824  0.01241
             +0.00        -0.00       +0.00     +0.00       +0.00    -0.00    +0.00

SSL 2459447.475917     243.8279      0.7675    0.7251    -0.31980 -0.65071  0.00971
LSL 2459447.475927     243.8275      0.7675    0.7251    -0.31980 -0.65071  0.00971
             +0.00        -0.00       +0.00     +0.00       +0.00    +0.00    +0.00

SSL 2459449.816552     247.5519      0.5509    0.7254    -0.27698 -0.67041  0.00697
LSL 2459449.816563     247.5509      0.5509    0.7254    -0.27699 -0.67041  0.00697
             +0.00        -0.00       -0.00     +0.00       +0.00    +0.00    +0.00

SSL 2459452.157187     251.2727      0.3321    0.7257    -0.23299 -0.68726  0.00421
LSL 2459452.157198     251.2727      0.3321    0.7257    -0.23299 -0.68726  0.00421
             +0.00        +0.00       -0.00     -0.00       +0.00    +0.00    +0.00

SSL 2459454.497823     254.9904      0.1120    0.7260    -0.18801 -0.70120  0.00142
LSL 2459454.497834     254.9901      0.1121    0.7260    -0.18802 -0.70120  0.00142
             +0.00        -0.00       +0.06     -0.00       +0.01    +0.00    +0.00

SSL 2459456.838458     258.7053     -0.1083    0.7262    -0.14224 -0.71217 -0.00137
LSL 2459456.838470     258.7039     -0.1082    0.7262    -0.14225 -0.71216 -0.00137
             +0.00        -0.00       -0.06     +0.00       +0.01    -0.00    +0.00

SSL 2459459.179094     262.4176     -0.3280    0.7265    -0.09586 -0.72012 -0.00416
LSL 2459459.179105     262.4170     -0.3280    0.7265    -0.09587 -0.72012 -0.00416
             +0.00        -0.00       +0.01     -0.00       +0.01    +0.00    +0.00

SSL 2459461.519729     266.1276     -0.5462    0.7267    -0.04908 -0.72503 -0.00693
LSL 2459461.519741     266.1265     -0.5462    0.7267    -0.04909 -0.72503 -0.00693
             +0.00        -0.00       +0.00     +0.00       +0.02    +0.00    +0.00

SSL 2459463.860365     269.8355     -0.7620    0.7269    -0.00209 -0.72688 -0.00967
LSL 2459463.860376     269.8351     -0.7620    0.7269    -0.00209 -0.72688 -0.00967
             +0.00        -0.00       -0.00     +0.01       +0.00    +0.00    +0.00

SSL 2459466.201000     273.5416     -0.9744    0.7272     0.04491 -0.72566 -0.01237
LSL 2459466.201012     273.5410     -0.9744    0.7272     0.04491 -0.72566 -0.01237
             +0.00        -0.00       -0.00     -0.01       +0.00    +0.00    +0.00

